]0;Day3~/Classes/Davis/STA141A_F26/Public/Day3> R

R Under development (unstable) (2025-03-26 r88055) -- "Unsuffered Consequences"
Copyright (C) 2025 The R Foundation for Statistical Computing
Platform: aarch64-apple-darwin23.6.0

R is free software and comes with ABSOLUTELY NO WARRANTY.
You are welcome to redistribute it under certain conditions.
Type 'license()' or 'licence()' for distribution details.

  Natural language support but running in an English locale

R is a collaborative project with many contributors.
Type 'contributors()' for more information and
'citation()' on how to cite R or R packages in publications.

Type 'demo()' for some demos, 'help()' for on-line help, or
'help.start()' for an HTML browser interface to help.
Type 'q()' to quit R.

PID = 7464 
Time = 2026-10-01 08:47:01 
Dir = /Users/duncan/Classes/Davis/STA141A_F26/Public/Day3 
1> d = readRDS("../Data/SFHouses.rds")
[47:19] 2> dim(d)
[1] 1100   10
[47:21] 3> a = readRDS("../../Data/AirlineDelays/AirlineDelays.rds")
[48:24] 4> dim(a)
[1] 7632816      45
[48:26] 5> d$amount
   [1]   965000  1005000   545000   867500  1069000   660000   824000  1209000  2490000  1035000  1420000   750000
  [13]   699000   892500   850000  1100000   207000   940000   730000   591000  1299000   485000   699000   310000
  [25]   560000   519000   575000  2418000   549000   875000   589000   799000   695000   795000   903000   341000
  [37]   715000   785000   970000   200000   700000  1300000   475000   420000   816000   676000   315000  2300000
  [49]   675000   630000  1750000   950000   605000   640000   710000   750000  1290000   355000  1500000   475000
  [61]   829000  1125000   745000   520000   500000   419000   910000   730000   599000   300500  1975000   515000
  [73]   575000   899000   377000   210000   731000   370000   872000   780000   885000   949000   335000   908000
  [85]  1685000   470000   380000   429500   448000   243000   338000   235000   235000   845000   803000   510000
  [97]   267000   451000  1265000   425000   409000  1780000  2080000  1500000   825000   330000   848000   545000
 [109]   540000   444000   640000   560000  1135000   650000   772000   360000   490000   610000   180000  1150000
 [121]   650000   745000   970500   865000   990000  1120000   500000   500000   145000   370000   435000   389000
 [133]   610000   399000  1665000  2250000  2100000   665000   540000   450000   695000   296000   420000   850000
 [145]   631000   900000   710000   425000   597000   788000   900000   829000  1865000   480000   650000  1100000
 [157]   715000  1065000   762000   565000  1419000  1389000   520000   780000  1525000   555000   395000   335000
 [169]   350000   580000   760000   265000   460000   420000   711500  1162500   877500   660000   605000   350000
 [181]   334000   899000   625000   900000   320000  1015000  1825000   674000   939000   516000  2675000   985000
 [193]   930000  1490000   605000   301000   749000   710000   340000  1312000   732000   800000   869000   375000
 [205]   975000   715000  1875000   205000   420000   650000   765000  1705000   375000   625000   699000   315000
 [217]   302500   640000   364000   285000   675000  1460000  1282000   450000   909000  1288000   375000   890000
 [229]  2656000   660000   460000   860000   499000   254000   329000   250000   325000   935000   610000   549000
 [241]   729000   445000   460000   845000   311500   395000   502000   290000  3150000   561500   402000   460000
 [253]   788000  1225000   745000   489000   820000   450000   585000   380000   875000   985000   662500   559000
 [265]   855000  1399500  1225000  1450000  1400000  1100000   410000   486500   442000   560000   435000   370000
 [277]   200000   665000   370000   216000   425000   206000   593000   650000   250000   465000  1068000   920000
 [289]   785000   801000   747000  2350000  2050000  3500000  2020000  1550000   297500  1775000   520000  1260000
 [301]  1350000   947500   382000   490000   385000   508000   475000   375000   585000   580000   525000   810000
 [313]   455000   340000   740000  1235000  1050000   281000   458500   620000   395000   750000  1057000   550000
 [325]   433000   850000   385500   931000   985000   425000   570000   500000   520000   650500   940000   245000
 [337]   310000   470000   821000  1253000   575000   199500   415500   726000   257000   675000  1250000   390000
 [349]   275000   315000   354500   295000   249000   154000   435000   450000  1240000  1250000  1575000  1325000
 [361]   645000  1020000  1090000   950000  1350000  1050000   745000  1950000   860000   290000  1405000   935000
 [373]  1525000  1475000  1220000  1110000   675000  2650000  4225000  2600000  1890000  1113000  3275000  2500000
 [385]  1950000  1230000  1150000   900000  1516000  1375000   780000  1100000  1980000   965000  1770000   993000
 [397]  1590000  1235000  1065000  1875000  1112000  1475000  1269000   418000   430000   355000   480000  1505000
 [409]  1600000  1587000  1920000  1400000  1680000  1408000  1650000  1350000  1435000  1215000  1325000   560000
 [421]  2697000  1570000  3600000  1520000  1470000  1756000  1460000  1300000  1925000  1520000   650000  5039000
 [433]  1000000   588000  2450000  1275000  2175500  3150000   635000   750000   970000   690000   495000   800000
 [445]   812000   739000   595000   645000   831000  1350000   220000   800000   820000  1320000   830000   945000
 [457]  1900000   800000   999000   785000   849500   845000  1049000   800000  1210000   989000   975000  1200000
 [469]  1028000   949000   485000  1330000  1100000  1535000   490000   500000   595000   515000   815000   985000
 [481]   400000  1000000   910000   315000   355000   370000   311500   545000  1200000  1400000   860000   390000
 [493]   300000   805000   820000   595000  1270000  1530000  1815000   700000  1642000   665000   725000  1335000
 [505]   350000   840000   450000   454000   740000  1180000  2150000  2100000   575000  1450000   560000  1700000
 [517]  1160000   300000  1125000  1100000   824000   490000   385000  1700000   625000   435000   859000  1498000
 [529]   645000   665000   700000  1300000  2475000  1000000  1200000  1300000  1495000   489500  1050000  1100000
 [541]  1445000  1300000  1542000  1800000  2125000  1532000  1680000  1560000   795000  1350000  1000000   490000
 [553]   428000  1025000  1100000   415000   790000   285000   750000   960000   862500  1465000  5900000  1860000
 [565]  3200000  2198000   550000   605000   830000   677000   560000   640000   585000   860000   600000   540000
 [577]   660000   740000   720000   927000   590500  1100000  1050000  1249500  1520500   850000   875000   885000
 [589]  1850000   950000   571000   527000   600000  1270000   980000   810000   630000   802000  1100000  1130000
 [601]   945000   780000   800000   745000   280000   211500   789500   525000  1200000   980000  1800000  1900000
 [613]  2285000  4850000  2665000  1822000  1900000  1865000  3300000  4350000  6587500   859000   966000   660000
 [625]   765000   600000   650000   850000   680000   900000  1400000  1550000   890000   680000   710000   752000
 [637]   495000  1016500  2768000  2600000  4250000  1790000  1255000  1830000  2175000  2995000   685000  1812500
 [649]  1005000   620000   590000  1262500   582500   775000  9000000  2450000  1790000   697000   720000   749000
 [661]   540000   750000   800000   670000   725000   375000   590000   590000   610000   575000   495000   383500
 [673]  1500000   590000   950000   485000   600000   750000   515000   528000   375000   454000   390000   340000
 [685]   497000   900000  1900000  1325000  1550000  1525000  2350000  1370000  2088000  2306000  1615000  1200000
 [697]  1050000   995000  1500000   530000   905000  1150000   605000   421000  1650000   886000   299000  2300000
 [709]   267500   425000   735000   860000  1600000   662500   660000   210000   565000   380000  2100000  1235000
 [721]   600000  2870000   570000  1000000   425000   750000   790000   475000  1410000   720000  1100000   695000
 [733]   550000   520000   525000  1250000   650000   630000   379000   500000  1660000  3438500   787000   515000
 [745]  1595000   775000   950000   515000   822000   475000   860000   759500 16921000   755000  1087500  4500000
 [757]   520000  2585000  2315000  4400000   849500  1430000   985000  1675000  1200000   650000  1500000  1000000
 [769]  1760500   395000  1210000  3675500  1700000  2150000  1970000  1952500  1200000   980000  2510000  5000000
 [781]  1670000 17250000   530000   599000  1300000  2195000   725000   877500   825000  1100000   849000   600000
 [793]   835000  1175000   530000  1110000   864000   700000   785000  1905000  3985000   497500   630000  1000000
 [805]  1000000  3200000  1400000  2300000  2500000  1450000   950000  1100000   429500   817000   932500   930000
 [817]  1900000   615000   960000  1720000  3885000  1080000  2305000  1045000  5200000  1600000  1275000  4250000
 [829]   499000  1670000   649000  2400000  1149000  1700000  1405000  1850000   933500  2925000  2500000  1650000
 [841]  1378000  1100000   435000  2018000   475000  1780000  4210000  7098000  2500000  1100000   795000  1265000
 [853]   859000   625000  1075000   975000  2755000  7600000  5025000  1710000  2875000  3610000  5500000  2350000
 [865]  1750000  2650000  1250000   850000  1285000  1175000 20500000  1850000  1550000  1600000  1815000  1850000
 [877]  4008000  3500000   250000   620000  1950000  3200000  2100000   843000   550000  2725000  1616000  1317500
 [889]  2110000  1585000  1825000  2300000  2220000  2350000  4080000  1287000   850000   650000  1095000  1400000
 [901]  4750000  1600000  3375000  9350000  4850000  6250000  2850000  1175000  2800000  1134000  3700000  1100000
 [913]  2300000  1470000  1150000  1700000  1040000  1700000  1107000  1000000  4550000  4101000  3255000   725000
 [925]   687000  1670000  1452500  1521000  2100000   650000   510000  1200000  1200000  2889000  1800000  1850000
 [937]  1400000   375000  1650000   400000  1165000  1695000  1450000   900000   740000  1610000  1900000   532000
 [949]   535000   725000  2000000  1850000   850000  1250000  1150000   990000  1925000  1351000   875000  1005000
 [961]   745000  1500000  2500000   790000  2750000  1200000  2620000  1340000  1030000  2600000  1225000  1185000
 [973]  1805000  1200000   575000  1510000  4395000  1600000  1400000  1730000  1125000  2500000  2010000   837000
 [985]   678500  3240000   770000  1938000   710000   750000   800000  1775000  7095000  4200000   622000  1730000
 [997]  1265000  1380000  1210000  1175000  1300000  1550000  1925000  1450000   641500   649000  1750000   899000
[1009]  1840000   694000   500000  1135000   815000  1300000  1500000   910000   585000  2075000  1425000   549000
[1021]  1550000  1500000  1000000  2055000   723000  1700000  1427000  2130000  1600000  2007000  1575000  1425000
[1033]  1429000   345000   655000   700000   749000  1240000   735000  4700000  2180000  4369000   798000   540000
[1045]   760000  1060500  1960000  3000000  1480000  3340000  3140000  1505000  2688000  2250000  2400000  1235000
[1057]  2825000   670000   725000   855500   799000   948500   870000   588000   685000   675000   751000   695000
[1069]   675500   515000   440000  1330500   730000   789000   560000   535000   650000   500000  1655000  1096000
[1081]   560000   535000   489000   416000  1299000   630000   490000   540000   510000   325000   642500   470000
[1093]   647500   302500   347500   307000   337500   305000   160000   789000
[18:45] 6> plot(density(d$amount))
[18:52] 7> plot(density(d$amount, bw = 90000))
[24:44] 8> plot(density(d$amount))
[25:04] 9> names(d)
 [1] "address"        "date"           "amount"         "bedrooms"       "bathrooms"      "sqft"          
 [7] "build"          "lastSold"       "lastSoldAmount" "county"        
[27:45] 10> summary(d)
   address               date                amount            bedrooms     bathrooms          sqft           build     
 Length:1100        Min.   :2011-05-20   Min.   :  145000   Min.   :1.0   Min.   :1.000   Min.   :  440   Min.   :1878  
 Class :character   1st Qu.:2012-03-16   1st Qu.:  585000   1st Qu.:2.0   1st Qu.:2.000   1st Qu.: 1104   1st Qu.:1947  
 Mode  :character   Median :2026-07-17   Median :  869500   Median :3.0   Median :2.000   Median : 1508   Median :1965  
                    Mean   :2021-10-30   Mean   : 1224638   Mean   :3.1   Mean   :2.148   Mean   : 1708   Mean   :1964  
                    3rd Qu.:2026-08-17   3rd Qu.: 1461250   3rd Qu.:4.0   3rd Qu.:2.500   3rd Qu.: 2026   3rd Qu.:1988  
                    Max.   :2026-08-21   Max.   :20500000   Max.   :9.0   Max.   :8.000   Max.   :16830   Max.   :2026  
                                                            NA's   :389   NA's   :476     NA's   :21      NA's   :24    
    lastSold          lastSoldAmount       county         
 Min.   :1969-07-01   Min.   :  53000   Length:1100       
 1st Qu.:2004-05-26   1st Qu.: 395250   Class :character  
 Median :2011-02-12   Median : 635000   Mode  :character  
 Mean   :2011-01-11   Mean   : 790577                     
 3rd Qu.:2020-02-16   3rd Qu.: 965250                     
 Max.   :2026-08-21   Max.   :5754500                     
 NA's   :330          NA's   :398                         
[28:19] 11> d[ d$sqft == 16830,]
*** output flushed ***
[30:07] 12> c(1, 3, 7, NA) == NA
[1] NA NA NA NA
[33:11] 13> table(!is.na(d$sqft))

FALSE  TRUE 
   21  1079 
[34:47] 14> d[ !is.na(d$sqft) & d$sqft == 16830,]
           address       date amount bedrooms bathrooms  sqft build   lastSold lastSoldAmount               county
3 2057 15th St. #D 2011-06-14 545000       NA        NA 16830  1907 2011-05-06         605000 San Francisco County
[36:40] 15> plot(d$sqft, d$amount)
[37:19] 16> d[ !is.na(d$sqft) & d$sqft == 16830, "amount"]
[1] 545000
[43:01] 17> d[ !is.na(d$sqft) & d$sqft == 16830, "sqft"]
[1] 16830
[43:07] 18> d[ !is.na(d$sqft) & d$sqft == 16830, "sqft"]
[1] 16830
[44:23] 19> d[ !is.na(d$sqft) & d$sqft == 16830, "sqft"] = 1327
[44:54] 20> d[ !is.na(d$sqft) & d$sqft == 16830, "sqft"]
numeric(0)
[44:56] 21> d[3,]
           address       date amount bedrooms bathrooms sqft build   lastSold lastSoldAmount               county
3 2057 15th St. #D 2011-06-14 545000       NA        NA 1327  1907 2011-05-06         605000 San Francisco County
[45:48] 22> d[ !is.na(d$sqft) & d$sqft == 1327, ] 
           address       date amount bedrooms bathrooms sqft build   lastSold lastSoldAmount               county
3 2057 15th St. #D 2011-06-14 545000       NA        NA 1327  1907 2011-05-06         605000 San Francisco County
[48:48] 23> d3 = d
[49:58] 24> d2 = d
[50:36] 25> d2[ !is.na(d$sqft) & d$sqft == 1327, ] = 1400
[50:48] 26> d2[ !is.na(d$sqft) & d$sqft == 1400,]
               address       date amount bedrooms bathrooms sqft build   lastSold lastSoldAmount               county
46     3700 Folsom St. 2011-06-17 676000       NA        NA 1400  1938       <NA>             NA San Francisco County
964 2478 Hebron Avenue 2026-08-19 790000        4         2 1400  1965 2015-03-13         520000             San Jose
[50:54] 27> d2[ 3,]
  address       date amount bedrooms bathrooms sqft build   lastSold lastSoldAmount county
3    1400 1973-11-01   1400     1400      1400 1400  1400 1973-11-01           1400   1400
[51:06] 28> d = d2
[52:40] 29> plot(d$sqft, d$amount)
[52:46] 30> which.max(d$amount)
[1] 871
[54:36] 31> d[which.max(d$amount),]
                address       date   amount bedrooms bathrooms sqft build lastSold lastSoldAmount         county
871 479 Westridge Drive 2026-08-04 20500000       NA        NA   NA    NA     <NA>             NA Portola Valley
[54:48] 32> subset(d, sqft > 5500 & amount < 5.2e6)
                      address       date  amount bedrooms bathrooms sqft build   lastSold lastSoldAmount   county
432 46890 Rancho Higuera Road 2026-07-13 5039000        5       5.0 6127  2000 2013-09-13        2512000  Fremont
614         108 Brumby Street 2026-08-20 4850000        5       5.5 5981  2022       <NA>             NA Danville
619         33 Udayakavi Lane 2026-08-18 3300000        6       5.5 6301  1998 2021-07-28        3750000 Danville
[58:50] 33> abline(h = 5.5e6, col = "red")
[00:10] 34> abline(a= 0, b = 1, col = "orange", lwd = 2, lty = 3)
[02:30] 35> summary(d$amount)
    Min.  1st Qu.   Median     Mean  3rd Qu.     Max. 
    1400   585000   869500  1224144  1461250 20500000 
[04:46] 36> tapply(d$amount, format(d$date, "%Y"), median, na.rm = NA)
Error in if (na.rm) x <- x[!is.na(x)] else if (any(is.na(x))) return(x[NA_integer_]) : 
  missing value where TRUE/FALSE needed

Enter a frame number, or 0 to exit   

1: tapply(d$amount, format(d$date, "%Y"), median, na.rm = NA)
2: lapply(X = ans[index], FUN = FUN, ...)
3: FUN(X[[i]], ...)
4: median.default(X[[i]], ...)

Selection: 0
[04:46] 36> tapply(d$amount, format(d$date, "%Y"), median, na.rm = TRUE)
   1973    2011    2012    2026 
   1400  685500  610000 1098000 
[06:47] 37> d = readRDS("../Data/SFHouses.rds")
[07:07] 38> 
[07:07] 38> tapply(d$amount, format(d$date, "%Y"), median, na.rm = TRUE)
   2011    2012    2026 
 676000  610000 1098000 
[07:15] 39> d$year = format(d$date, "%Y")
[11:36] 40> table(d$year)

2011 2012 2026 
 149  207  744 
[11:40] 41> g = split(d$amount, d$year)
[11:55] 42> boxplot(g)
[12:00] 43> boxplot(g, ylim = c(0, 6e6)))
Error: unexpected ')' in "boxplot(g, ylim = c(0, 6e6)))"
No suitable frames for recover()
[12:00] 43> boxplot(g, ylim = c(0, 6e6))
[13:55] 44> d2 = a
[14:54] 45> dim(d2
+ )
[1] 7632816      45
[14:58] 46> plot(d2$CRSElapsedTime, d2$ActualElapsedTime)
[15:27] 47> smoothScatter(d2$CRSElapsedTime, d2$ActualElapsedTime)
[16:50] 48> names(a)
 [1] "FlightDate"                      "Tail_Number"                     "Flight_Number_Reporting_Airline"
 [4] "OriginAirportSeqID"              "OriginCityMarketID"              "Origin"                         
 [7] "OriginCityName"                  "OriginState"                     "OriginStateFips"                
[10] "OriginStateName"                 "OriginWac"                       "DestAirportSeqID"               
[13] "DestCityMarketID"                "Dest"                            "DestCityName"                   
[16] "DestState"                       "DestStateFips"                   "DestStateName"                  
[19] "DestWac"                         "CRSDepTime"                      "DepTime"                        
[22] "DepDelay"                        "DepDelayMinutes"                 "TaxiOut"                        
[25] "WheelsOff"                       "WheelsOn"                        "TaxiIn"                         
[28] "CRSArrTime"                      "ArrTime"                         "ArrDelay"                       
[31] "ArrDelayMinutes"                 "ArrivalDelayGroups"              "CRSElapsedTime"                 
[34] "ActualElapsedTime"               "AirTime"                         "Distance"                       
[37] "DistanceGroup"                   "CarrierDelay"                    "WeatherDelay"                   
[40] "NASDelay"                        "SecurityDelay"                   "LateAircraftDelay"              
[43] "FirstDepTime"                    "CancellationDescription"         "Airline"                        
[23:43] 49> length(a$OriginAirportSeqID)
[1] 7632816
[24:04] 50> length(unique(a$OriginAirportSeqID))
[1] 516
[24:18] 51> length(unique(a$Origin))
[1] 358
[24:28] 52> tt = table(a$Origin, a$OriginAirportSeqID)
[25:40] 53> head(a[, 6:7])
  Origin OriginCityName
1    SAN  San Diego, CA
2    SAN  San Diego, CA
3    SAN  San Diego, CA
4    SAN  San Diego, CA
5    SAN  San Diego, CA
6    SAN  San Diego, CA
[26:21] 54> tt[3,]
*** output flushed ***
[26:34] 55> rownames(tt)[3]
[1] "ABQ"
[27:04] 56> g = split(a$OriginAirportSeqID, a$Origin)
[27:50] 57> head(g)
*** output flushed ***
[27:53] 58> g[[1]]
   [1] 1013507 1013507 1013507 1013507 1013507 1013507 1013507 1013507 1013507 1013507 1013507 1013507 1013507 1013507
  [15] 1013507 1013507 1013507 1013507 1013507 1013507 1013507 1013507 1013507 1013507 1013507 1013507 1013507 1013507
  [29] 1013507 1013507 1013507 1013507 1013507 1013507 1013507 1013507 1013507 1013507 1013507 1013507 1013507 1013507
  [43] 1013507 1013507 1013507 1013507 1013507 1013507 1013507 1013507 1013507 1013507 1013507 1013507 1013507 1013507
  [57] 1013507 1013507 1013507 1013507 1013507 1013507 1013507 1013507 1013507 1013507 1013507 1013507 1013507 1013507
  [71] 1013507 1013507 1013507 1013507 1013507 1013507 1013507 1013507 1013507 1013507 1013507 1013507 1013507 1013507
  [85] 1013507 1013507 1013507 1013507 1013507 1013507 1013507 1013507 1013507 1013507 1013507 1013507 1013507 1013507
  [99] 1013507 1013507 1013507 1013507 1013507 1013507 1013507 1013507 1013507 1013507 1013507 1013507 1013507 1013507
 [113] 1013507 1013507 1013507 1013507 1013507 1013507 1013507 1013507 1013507 1013507 1013507 1013507 1013507 1013507
 [127] 1013507 1013507 1013507 1013507 1013507 1013507 1013507 1013507 1013507 1013507 1013507 1013507 1013507 1013507
 [141] 1013507 1013507 1013507 1013507 1013507 1013507 1013507 1013507 1013507 1013507 1013507 1013507 1013507 1013507
 [155] 1013507 1013507 1013507 1013507 1013507 1013507 1013507 1013507 1013507 1013507 1013507 1013507 1013507 1013507
 [169] 1013507 1013507 1013507 1013507 1013507 1013507 1013507 1013507 1013507 1013507 1013507 1013507 1013507 1013507
 [183] 1013507 1013507 1013507 1013507 1013507 1013507 1013507 1013507 1013507 1013507 1013507 1013507 1013507 1013507
 [197] 1013507 1013507 1013507 1013507 1013507 1013507 1013507 1013507 1013507 1013507 1013507 1013507 1013507 1013507
 [211] 1013507 1013507 1013507 1013507 1013507 1013507 1013507 1013507 1013507 1013507 1013507 1013507 1013507 1013507
 [225] 1013507 1013507 1013507 1013507 1013507 1013507 1013507 1013507 1013507 1013507 1013507 1013507 1013507 1013507
 [239] 1013507 1013507 1013507 1013507 1013507 1013507 1013507 1013507 1013507 1013507 1013507 1013507 1013507 1013507
 [253] 1013507 1013507 1013507 1013507 1013507 1013507 1013507 1013507 1013507 1013507 1013507 1013507 1013507 1013507
 [267] 1013507 1013507 1013507 1013507 1013507 1013507 1013507 1013507 1013507 1013507 1013507 1013507 1013507 1013507
 [281] 1013507 1013507 1013507 1013507 1013507 1013507 1013507 1013507 1013507 1013507 1013507 1013507 1013507 1013507
 [295] 1013507 1013507 1013507 1013507 1013507 1013507 1013507 1013507 1013507 1013507 1013507 1013507 1013507 1013507
 [309] 1013507 1013507 1013507 1013507 1013507 1013507 1013507 1013507 1013507 1013507 1013507 1013507 1013507 1013507
 [323] 1013507 1013507 1013507 1013507 1013507 1013507 1013507 1013507 1013507 1013507 1013507 1013507 1013507 1013507
 [337] 1013507 1013507 1013507 1013507 1013507 1013507 1013507 1013507 1013507 1013507 1013507 1013507 1013507 1013507
 [351] 1013507 1013507 1013507 1013507 1013507 1013507 1013507 1013507 1013507 1013507 1013507 1013507 1013507 1013507
 [365] 1013507 1013507 1013507 1013507 1013507 1013507 1013507 1013507 1013507 1013507 1013507 1013507 1013507 1013507
 [379] 1013507 1013507 1013507 1013507 1013507 1013507 1013507 1013507 1013507 1013507 1013507 1013507 1013507 1013507
 [393] 1013507 1013507 1013507 1013507 1013507 1013507 1013507 1013507 1013507 1013507 1013507 1013507 1013507 1013507
 [407] 1013507 1013507 1013507 1013507 1013507 1013507 1013507 1013507 1013507 1013507 1013507 1013507 1013507 1013507
 [421] 1013507 1013507 1013507 1013507 1013507 1013507 1013507 1013507 1013507 1013507 1013507 1013507 1013507 1013507
 [435] 1013507 1013507 1013507 1013507 1013507 1013507 1013507 1013507 1013507 1013507 1013507 1013507 1013507 1013507
 [449] 1013507 1013507 1013507 1013507 1013507 1013507 1013507 1013507 1013507 1013507 1013507 1013507 1013507 1013507
 [463] 1013507 1013507 1013507 1013507 1013507 1013507 1013507 1013507 1013507 1013507 1013507 1013507 1013507 1013507
 [477] 1013507 1013507 1013507 1013507 1013507 1013507 1013507 1013507 1013507 1013507 1013507 1013507 1013507 1013507
 [491] 1013507 1013507 1013507 1013507 1013507 1013507 1013507 1013507 1013507 1013507 1013507 1013507 1013507 1013507
 [505] 1013507 1013507 1013507 1013507 1013507 1013507 1013507 1013507 1013507 1013507 1013507 1013507 1013507 1013507
 [519] 1013507 1013507 1013507 1013507 1013507 1013507 1013507 1013507 1013507 1013507 1013507 1013507 1013507 1013507
 [533] 1013507 1013507 1013507 1013507 1013507 1013507 1013507 1013507 1013507 1013507 1013507 1013507 1013507 1013507
 [547] 1013507 1013507 1013507 1013507 1013507 1013507 1013507 1013507 1013507 1013507 1013507 1013507 1013507 1013507
 [561] 1013507 1013507 1013507 1013507 1013507 1013507 1013507 1013507 1013507 1013507 1013507 1013507 1013507 1013507
 [575] 1013507 1013507 1013507 1013507 1013507 1013507 1013507 1013507 1013507 1013507 1013507 1013507 1013507 1013507
 [589] 1013507 1013507 1013507 1013507 1013507 1013507 1013507 1013507 1013507 1013507 1013507 1013507 1013507 1013507
 [603] 1013507 1013507 1013507 1013507 1013507 1013507 1013507 1013507 1013507 1013507 1013507 1013507 1013507 1013507
 [617] 1013507 1013507 1013507 1013507 1013507 1013507 1013507 1013507 1013507 1013507 1013507 1013507 1013507 1013507
 [631] 1013507 1013507 1013507 1013507 1013507 1013507 1013507 1013507 1013507 1013507 1013507 1013507 1013507 1013507
 [645] 1013507 1013507 1013507 1013507 1013507 1013507 1013507 1013507 1013507 1013507 1013507 1013507 1013507 1013507
 [659] 1013507 1013507 1013507 1013507 1013507 1013507 1013507 1013507 1013507 1013507 1013507 1013507 1013507 1013507
 [673] 1013507 1013507 1013507 1013507 1013507 1013507 1013507 1013507 1013507 1013507 1013507 1013507 1013507 1013507
 [687] 1013507 1013507 1013507 1013507 1013507 1013507 1013507 1013507 1013507 1013507 1013507 1013507 1013507 1013507
 [701] 1013507 1013507 1013507 1013507 1013507 1013507 1013507 1013507 1013507 1013507 1013507 1013507 1013507 1013507
 [715] 1013507 1013507 1013507 1013507 1013507 1013507 1013507 1013507 1013507 1013507 1013507 1013507 1013507 1013507
 [729] 1013507 1013507 1013507 1013507 1013507 1013507 1013507 1013507 1013507 1013507 1013507 1013507 1013507 1013507
 [743] 1013507 1013507 1013507 1013507 1013507 1013507 1013507 1013507 1013507 1013507 1013507 1013507 1013507 1013507
 [757] 1013507 1013507 1013507 1013507 1013507 1013507 1013507 1013507 1013507 1013507 1013507 1013507 1013507 1013507
 [771] 1013507 1013507 1013507 1013507 1013507 1013507 1013507 1013507 1013507 1013507 1013507 1013507 1013507 1013507
 [785] 1013507 1013507 1013507 1013507 1013507 1013507 1013507 1013507 1013507 1013507 1013507 1013507 1013507 1013507
 [799] 1013507 1013507 1013507 1013507 1013507 1013507 1013507 1013507 1013507 1013507 1013507 1013507 1013507 1013507
 [813] 1013507 1013507 1013507 1013507 1013507 1013507 1013507 1013507 1013506 1013506 1013506 1013506 1013506 1013506
 [827] 1013506 1013506 1013506 1013506 1013506 1013506 1013506 1013506 1013506 1013506 1013506 1013506 1013506 1013506
 [841] 1013506 1013506 1013506 1013506 1013506 1013506 1013506 1013506 1013506 1013506 1013506 1013506 1013506 1013506
 [855] 1013506 1013506 1013506 1013506 1013506 1013506 1013506 1013506 1013506 1013506 1013506 1013506 1013506 1013506
 [869] 1013506 1013506 1013506 1013506 1013506 1013506 1013506 1013506 1013506 1013506 1013506 1013506 1013506 1013506
 [883] 1013506 1013506 1013506 1013506 1013506 1013506 1013506 1013506 1013506 1013506 1013506 1013506 1013506 1013506
 [897] 1013506 1013506 1013506 1013506 1013506 1013506 1013506 1013506 1013506 1013506 1013506 1013506 1013506 1013506
 [911] 1013506 1013506 1013506 1013506 1013506 1013506 1013506 1013506 1013506 1013506 1013506 1013506 1013506 1013506
 [925] 1013506 1013506 1013506 1013506 1013506 1013506 1013506 1013506 1013506 1013506 1013506 1013506 1013506 1013506
 [939] 1013506 1013506 1013506 1013506 1013506 1013506 1013506 1013506 1013506 1013506 1013506 1013506 1013506 1013506
 [953] 1013506 1013506 1013506 1013506 1013506 1013506 1013506 1013506 1013506 1013506 1013506 1013506 1013506 1013506
 [967] 1013506 1013506 1013506 1013506 1013506 1013506 1013506 1013506 1013506 1013506 1013506 1013506 1013506 1013506
 [981] 1013506 1013506 1013506 1013506 1013506 1013506 1013506 1013506 1013506 1013506 1013506 1013506 1013506 1013506
 [995] 1013506 1013506 1013506 1013506 1013506 1013506 1013506 1013506 1013506 1013506 1013506 1013506 1013506 1013506
[1009] 1013506 1013506 1013506 1013506 1013506 1013506 1013506 1013506 1013506 1013506 1013506 1013506 1013506 1013506
[1023] 1013506 1013506 1013506 1013506 1013506 1013506 1013506 1013506 1013506 1013506 1013506 1013506 1013506 1013506
[1037] 1013506 1013506 1013506 1013506 1013506 1013506 1013506 1013506 1013506 1013506 1013506 1013506 1013506 1013506
[1051] 1013506 1013506 1013506 1013506 1013506 1013506 1013506 1013506 1013506 1013506 1013506 1013506 1013506 1013506
[1065] 1013506 1013506 1013506 1013506 1013506 1013506 1013506 1013506 1013506 1013506 1013506 1013507 1013507 1013507
[1079] 1013507 1013507 1013507 1013507 1013507 1013507 1013507 1013507 1013507 1013507 1013507 1013507 1013507 1013507
[1093] 1013507 1013507 1013507 1013507 1013507 1013507 1013507 1013507 1013507 1013507 1013507 1013507 1013507 1013507
[1107] 1013507 1013507 1013507 1013507 1013507 1013507 1013507 1013507 1013507 1013507 1013507 1013507 1013507 1013507
[1121] 1013507 1013507 1013507 1013507 1013507 1013507 1013507 1013507 1013507 1013507 1013507 1013507 1013507 1013507
[1135] 1013507 1013507 1013507 1013507 1013507 1013507 1013507 1013507 1013507 1013507 1013507 1013507 1013507 1013507
[1149] 1013507 1013507 1013507 1013507 1013507 1013507 1013507 1013507 1013507 1013507 1013507 1013507 1013507 1013507
[1163] 1013507 1013507 1013507 1013507 1013507 1013507 1013507 1013507 1013507 1013507 1013507 1013507 1013507 1013507
[1177] 1013507 1013507 1013507 1013507 1013507 1013507 1013507 1013507 1013507 1013507 1013507 1013507 1013507 1013507
[1191] 1013507 1013507 1013507 1013507 1013507 1013507 1013507 1013507 1013507 1013507 1013507 1013507 1013507 1013507
[1205] 1013507 1013507 1013507 1013507 1013507 1013507 1013507 1013507 1013507 1013507 1013507 1013507 1013507 1013507
[1219] 1013507 1013507 1013507 1013507 1013507 1013507 1013507 1013507 1013507 1013507 1013507 1013507 1013507 1013507
[1233] 1013507 1013507 1013507 1013507 1013507 1013507 1013507 1013507 1013507 1013507 1013507 1013507 1013507 1013507
[1247] 1013507 1013507 1013507 1013507 1013507 1013507 1013507 1013507 1013507 1013507 1013507 1013507 1013507 1013507
[1261] 1013507 1013507 1013507 1013507 1013507 1013507 1013507 1013507 1013507 1013507 1013507 1013507 1013507 1013507
[1275] 1013507 1013507 1013507 1013507 1013507 1013507 1013507 1013507 1013507 1013507 1013507 1013507 1013507 1013507
[1289] 1013507 1013507 1013507 1013507 1013507 1013507 1013507 1013507 1013507 1013507 1013507 1013507 1013507 1013507
[1303] 1013507 1013507 1013507 1013507 1013507 1013507 1013507 1013507 1013507 1013507 1013507 1013507 1013507 1013507
[1317] 1013507 1013507 1013507 1013507 1013507 1013507 1013507 1013507 1013507 1013507 1013507 1013507 1013507 1013507
[1331] 1013507 1013507 1013507 1013507 1013507 1013507 1013507 1013507 1013507 1013507 1013507 1013507 1013507 1013507
[1345] 1013507 1013507 1013507 1013507 1013507 1013507 1013507 1013507 1013507 1013507 1013507 1013507 1013507 1013507
[1359] 1013507 1013507 1013507 1013507 1013507 1013507 1013507 1013507 1013507 1013507 1013507 1013507 1013507 1013507
[1373] 1013507 1013507 1013507 1013507 1013507 1013507 1013507 1013507 1013507 1013507 1013507 1013507 1013507 1013507
[1387] 1013507 1013507 1013507 1013507 1013507 1013507 1013507 1013507 1013507 1013507 1013507 1013507 1013507 1013507
[1401] 1013507 1013507 1013507 1013507 1013507 1013507 1013507 1013507 1013507 1013507 1013507 1013507 1013507 1013507
[1415] 1013507 1013507 1013507 1013507 1013507 1013507 1013507 1013507 1013507 1013507 1013507 1013507 1013507 1013507
[1429] 1013507 1013507 1013507 1013507 1013507 1013507 1013507 1013507 1013507 1013507 1013507 1013507 1013507 1013507
[1443] 1013507 1013507 1013507 1013507 1013507 1013507 1013507 1013507 1013507 1013507 1013507 1013507 1013507 1013507
[1457] 1013507 1013507 1013507 1013507 1013507 1013507 1013507 1013507 1013507 1013507 1013507 1013507 1013507 1013507
[1471] 1013507 1013507 1013507 1013507 1013507 1013507 1013507 1013507 1013507 1013507 1013507 1013507 1013507 1013507
[1485] 1013507 1013507 1013507 1013507 1013507 1013507 1013507 1013507 1013507 1013507 1013507 1013507 1013507 1013507
[1499] 1013507 1013507 1013507 1013507 1013507 1013507 1013507 1013507 1013507 1013507 1013507 1013507 1013507 1013507
[1513] 1013507 1013507 1013507 1013507 1013507 1013507 1013507 1013507 1013507 1013507 1013507 1013507 1013507 1013507
[1527] 1013507 1013507 1013507 1013507 1013507 1013507 1013507 1013507 1013507 1013507 1013507 1013507 1013507 1013507
[1541] 1013507 1013507 1013507 1013507 1013507 1013507 1013507 1013507 1013507 1013507 1013507 1013507 1013507 1013507
[1555] 1013507 1013507 1013507 1013507 1013507 1013507 1013507 1013507 1013507 1013507 1013507 1013507 1013507 1013507
[1569] 1013507 1013507 1013507 1013507 1013507 1013507 1013507 1013507 1013507 1013507 1013507 1013507 1013507 1013507
[1583] 1013507 1013507 1013507 1013507 1013507 1013507 1013507 1013507 1013507 1013507 1013507 1013507 1013507 1013507
[1597] 1013507 1013507 1013507 1013507 1013507 1013507 1013507 1013507 1013507 1013507 1013507 1013507 1013507 1013507
[1611] 1013507 1013507 1013507 1013507 1013507 1013507 1013507 1013507 1013507 1013507 1013507 1013507 1013507 1013507
[1625] 1013507 1013507 1013507 1013507 1013507 1013507 1013507 1013507 1013507 1013507 1013507 1013507 1013507 1013507
[1639] 1013507 1013507 1013507 1013507 1013507 1013507 1013507 1013507 1013507 1013507 1013507 1013507 1013507 1013507
[1653] 1013507 1013507 1013507 1013507 1013507 1013507 1013507 1013507 1013507 1013507 1013507 1013507 1013507 1013507
[1667] 1013507 1013507 1013507 1013507 1013507 1013507 1013507 1013507 1013507 1013507 1013507 1013507 1013507 1013507
[1681] 1013507 1013507 1013507 1013507 1013507 1013507 1013507 1013507 1013507 1013507 1013507 1013507 1013507 1013507
[1695] 1013507 1013507 1013507 1013507 1013507 1013507 1013507 1013507 1013507 1013507 1013507 1013507 1013507 1013507
[1709] 1013507 1013507 1013507 1013507 1013507 1013507 1013507 1013507 1013507 1013507 1013507 1013507 1013507 1013507
[1723] 1013507 1013507 1013507 1013507 1013507 1013507 1013507 1013507 1013507 1013507 1013507 1013507 1013507 1013507
[1737] 1013507 1013507 1013507 1013507 1013507 1013507 1013507 1013507 1013507 1013507 1013507 1013507 1013507 1013507
[1751] 1013507 1013507 1013507 1013507 1013507 1013507 1013507 1013507 1013507 1013507 1013507 1013507 1013507 1013507
[1765] 1013507 1013507 1013507 1013507 1013507 1013507 1013507 1013507 1013507 1013507 1013507 1013507 1013507 1013507
[1779] 1013507 1013507 1013507 1013507 1013507 1013507 1013507 1013507 1013507 1013507 1013507 1013507 1013507 1013507
[1793] 1013507 1013507 1013507 1013507 1013507 1013507 1013507 1013507 1013507 1013507 1013507 1013507 1013507 1013507
[1807] 1013507 1013507 1013507 1013507 1013507 1013507 1013507 1013507 1013507 1013507 1013507 1013507 1013507 1013507
[1821] 1013507 1013507 1013507 1013507 1013507 1013507 1013507 1013507 1013507 1013507 1013507 1013507 1013507 1013507
[1835] 1013507 1013507 1013507 1013507 1013507 1013507 1013507 1013507 1013507 1013507 1013507 1013507 1013507 1013507
[1849] 1013507 1013507 1013507 1013507 1013507 1013507 1013507 1013507 1013507 1013507 1013507 1013507 1013507 1013507
[1863] 1013507 1013507 1013507 1013507 1013507 1013507 1013507 1013507 1013507 1013507 1013507 1013507 1013507 1013507
[1877] 1013507 1013507 1013507 1013507 1013507 1013507 1013507 1013507 1013507 1013507 1013507 1013507 1013507 1013507
[1891] 1013507 1013507 1013507 1013507 1013507 1013507 1013507 1013507 1013507 1013507 1013507 1013507 1013507 1013507
[1905] 1013507 1013507 1013507 1013507 1013507 1013507 1013507 1013507 1013507 1013507 1013507 1013507 1013507 1013507
[1919] 1013507 1013507 1013507 1013507 1013507 1013507 1013507 1013507 1013507 1013507 1013507 1013507 1013507 1013507
[1933] 1013507 1013507 1013507 1013507 1013507 1013507 1013507 1013507 1013507 1013507 1013507 1013507 1013507 1013507
[1947] 1013507 1013507 1013507 1013507 1013507 1013507 1013507 1013507 1013507 1013507 1013507 1013507 1013507 1013507
[1961] 1013507 1013507 1013507 1013507 1013507 1013507 1013507 1013507 1013507 1013507 1013507 1013507 1013507 1013507
[1975] 1013507 1013507 1013507 1013507 1013507 1013507 1013507 1013507 1013507 1013507 1013507 1013507 1013507 1013507
[1989] 1013507 1013507 1013507 1013507 1013507 1013507 1013507 1013507 1013507 1013507 1013507 1013507 1013507 1013507
[2003] 1013507 1013507 1013507 1013507 1013507 1013507 1013507 1013507 1013507 1013507 1013507 1013507 1013507 1013507
[2017] 1013507 1013507 1013507 1013507 1013507 1013507 1013507 1013507 1013507 1013507 1013507 1013507 1013507 1013507
[2031] 1013507 1013507 1013507 1013507 1013507 1013507 1013507 1013507 1013507 1013507 1013507 1013507 1013507 1013507
[2045] 1013507 1013507 1013507 1013507 1013507 1013507 1013507 1013507 1013507 1013507 1013507 1013507 1013507 1013507
[2059] 1013507 1013507 1013507 1013507 1013507 1013507 1013507 1013507 1013507 1013507 1013507 1013507 1013507 1013507
[2073] 1013507 1013507 1013507 1013507 1013507 1013507 1013507 1013507 1013507 1013507 1013507 1013507 1013507 1013507
[2087] 1013507 1013507 1013507 1013507 1013507 1013507 1013507 1013507 1013507 1013507 1013507 1013507 1013507 1013507
[2101] 1013507 1013507 1013507 1013507 1013507 1013507 1013507 1013507 1013507 1013507 1013507 1013507 1013507 1013507
[2115] 1013507 1013507 1013507 1013507 1013507 1013507 1013507 1013507 1013507 1013507 1013507 1013507 1013507 1013507
[2129] 1013507 1013507 1013507 1013507 1013507 1013507 1013507 1013507 1013507 1013507 1013507 1013507 1013507 1013507
[2143] 1013507 1013507 1013507 1013507 1013507 1013507 1013507 1013507 1013507 1013507 1013507 1013507 1013507 1013507
[2157] 1013507 1013507 1013507 1013507 1013507 1013507 1013507 1013507 1013507 1013507 1013507 1013507 1013507 1013507
[2171] 1013507 1013507 1013507 1013507 1013507 1013507 1013507 1013507 1013507 1013507 1013507 1013507 1013507 1013507
[2185] 1013507 1013507 1013507 1013507 1013507 1013507 1013507 1013507 1013507 1013507 1013507 1013507 1013507 1013507
[2199] 1013507 1013507 1013507 1013507 1013507 1013507 1013507 1013507 1013507 1013507 1013507 1013507 1013507 1013507
[2213] 1013507 1013507 1013507 1013507 1013507 1013507 1013507 1013507 1013507 1013507 1013507 1013507 1013507 1013507
[2227] 1013507 1013507 1013507 1013507 1013507 1013507 1013507 1013507 1013507 1013507 1013507 1013507 1013507 1013507
[2241] 1013507 1013507 1013507 1013507 1013507 1013507 1013507 1013507 1013507 1013507 1013507 1013507 1013507 1013507
[2255] 1013507 1013507 1013507 1013507 1013507 1013507 1013507 1013507 1013507 1013507 1013507 1013507 1013507 1013507
[2269] 1013507 1013507 1013507 1013507 1013507 1013507 1013507 1013507 1013507 1013507 1013507 1013507 1013507 1013507
[2283] 1013507 1013507 1013507 1013507 1013507 1013507 1013507 1013507 1013507 1013507 1013507 1013507 1013507 1013507
[2297] 1013507 1013507 1013507 1013507 1013507 1013507 1013507 1013507 1013507 1013507 1013507 1013507 1013507 1013507
[2311] 1013507 1013507 1013507 1013507 1013507 1013507 1013507 1013507 1013507 1013507 1013507 1013507 1013507 1013507
[2325] 1013507 1013507 1013507 1013507 1013507 1013507 1013507 1013507 1013507 1013507 1013507 1013507 1013507 1013507
[2339] 1013507 1013507 1013507 1013507 1013507 1013507 1013507 1013507 1013507 1013507 1013507 1013507 1013507 1013507
[2353] 1013507 1013507 1013507 1013507 1013507 1013507 1013507 1013507 1013507 1013507 1013507 1013507 1013507 1013507
[2367] 1013507 1013507 1013507 1013507 1013507 1013507 1013507 1013507 1013507 1013507 1013507 1013507 1013507 1013507
[2381] 1013507 1013507 1013507 1013507 1013507 1013507 1013507 1013507 1013507 1013507 1013507 1013507 1013507 1013507
[2395] 1013507 1013507 1013507 1013507 1013507 1013507 1013507 1013507 1013507 1013507 1013507 1013507 1013507 1013507
[2409] 1013507 1013507 1013507 1013507 1013507 1013507 1013507 1013507 1013507 1013507 1013507 1013507 1013507 1013507
[2423] 1013507 1013507 1013507 1013507 1013507 1013507 1013507 1013507 1013507 1013507 1013507 1013507 1013507 1013507
[2437] 1013507 1013507 1013507 1013507 1013507 1013507 1013507 1013507 1013507 1013507 1013507 1013507 1013507 1013507
[2451] 1013507 1013507 1013507 1013507 1013507 1013507 1013507 1013507 1013507 1013507 1013507 1013507 1013507 1013507
[2465] 1013507 1013507 1013507 1013507 1013507 1013507 1013507 1013507 1013507 1013507 1013507 1013507 1013507 1013507
[2479] 1013507 1013507 1013507 1013507 1013507 1013507 1013507 1013507 1013507 1013507 1013507 1013507 1013507 1013507
[2493] 1013507 1013507 1013507 1013507 1013507 1013507 1013507 1013507 1013507 1013507 1013507 1013507 1013507 1013507
[2507] 1013507 1013507 1013507 1013507 1013507 1013507 1013507 1013507 1013507 1013507 1013507 1013507 1013507 1013507
[2521] 1013507 1013507 1013507 1013507 1013507 1013507 1013507 1013507 1013507 1013507 1013507 1013507 1013507 1013507
[2535] 1013507 1013507 1013507 1013507 1013507 1013507 1013507 1013507 1013507 1013507 1013507 1013507 1013507 1013507
[2549] 1013507 1013507 1013507 1013507 1013507 1013507 1013507 1013507 1013507 1013507 1013507 1013507 1013507 1013507
[2563] 1013507 1013507 1013507 1013507 1013507 1013507 1013507 1013507 1013507 1013507 1013507 1013507 1013507 1013507
[2577] 1013507 1013507 1013507 1013507 1013507 1013507 1013507 1013507 1013507 1013507 1013507 1013507 1013507 1013507
[2591] 1013507 1013507 1013507 1013507 1013507 1013507 1013507 1013507 1013507 1013507 1013507 1013507 1013507 1013507
[2605] 1013507 1013507 1013507 1013507 1013507 1013507 1013507 1013507 1013507 1013507 1013507 1013507 1013507 1013507
[2619] 1013507 1013507 1013507 1013507 1013507 1013507 1013507 1013507 1013507 1013507 1013507 1013507 1013507 1013507
[2633] 1013507 1013507 1013507 1013507 1013507 1013507 1013507 1013507 1013507 1013507 1013507 1013507 1013507 1013507
[2647] 1013507 1013507 1013507 1013507 1013507 1013507 1013507 1013507 1013507 1013507 1013507 1013507 1013507 1013507
[2661] 1013507 1013507 1013507 1013507 1013507 1013507 1013507 1013507 1013507 1013507 1013507 1013507 1013507 1013507
[2675] 1013507 1013507 1013507 1013507 1013507 1013507 1013507 1013507 1013507 1013507 1013507 1013507 1013507 1013507
[2689] 1013507 1013507 1013507 1013507 1013507 1013507 1013507 1013507 1013507 1013507 1013507 1013507 1013507 1013507
[2703] 1013507 1013507 1013507 1013507 1013507 1013507 1013507 1013507 1013507 1013507 1013507 1013507 1013507 1013507
[2717] 1013507 1013507 1013507 1013507 1013507 1013507 1013507 1013507 1013507 1013507 1013507 1013507 1013507 1013507
[2731] 1013507 1013507 1013507 1013507 1013507 1013507 1013507 1013507 1013507 1013507 1013507 1013507 1013507 1013507
[2745] 1013507 1013507 1013507 1013507 1013507 1013507 1013507 1013507 1013507 1013507 1013507 1013507 1013507 1013507
[2759] 1013507 1013507 1013507 1013507 1013507 1013507 1013507 1013507 1013507 1013507 1013507 1013507 1013507 1013507
[2773] 1013507 1013507 1013507 1013507 1013507 1013507 1013507 1013507 1013507 1013507 1013507 1013507 1013507 1013507
[2787] 1013507 1013507 1013507 1013507 1013507 1013507 1013507 1013507 1013507 1013507 1013507 1013507 1013507 1013507
[2801] 1013507 1013507 1013507 1013507 1013507 1013507 1013507 1013507 1013507 1013507 1013507 1013507 1013507 1013507
[2815] 1013507 1013507 1013507 1013507 1013507 1013507 1013507 1013507 1013507 1013507 1013507 1013507 1013507 1013507
[2829] 1013507 1013507 1013507 1013507 1013507 1013507 1013507 1013507 1013507 1013507 1013507 1013507 1013507 1013507
[2843] 1013507 1013507 1013507 1013507 1013507 1013507 1013507 1013507 1013507 1013507 1013507 1013507 1013507 1013507
[2857] 1013507 1013507 1013507 1013507 1013507 1013507 1013507 1013507 1013507 1013507 1013507 1013507 1013507 1013507
[2871] 1013507 1013507 1013507 1013507 1013507 1013507 1013507 1013507 1013507 1013507 1013507 1013507 1013507 1013507
[2885] 1013507 1013507 1013507 1013507 1013507 1013507 1013507 1013507 1013507 1013507 1013507 1013507 1013507 1013507
[2899] 1013507 1013507 1013507 1013507 1013507 1013507 1013507 1013507 1013507 1013507 1013507 1013507 1013507 1013507
[2913] 1013507 1013507 1013507 1013507 1013507 1013507 1013507 1013507 1013507 1013507 1013507 1013507 1013507 1013507
[2927] 1013507 1013507 1013507 1013507 1013507 1013507 1013507 1013507 1013507 1013507 1013507 1013507 1013507 1013507
[2941] 1013507 1013507 1013507 1013507 1013507 1013507 1013507 1013507 1013507 1013507 1013507 1013507 1013507 1013507
[2955] 1013507 1013507 1013507 1013507 1013507 1013507 1013507 1013507 1013507 1013507 1013507 1013507 1013507 1013507
[2969] 1013507 1013507 1013507 1013507 1013507 1013507 1013507 1013507 1013507 1013507 1013507 1013507 1013507 1013507
[2983] 1013507 1013507 1013507 1013507 1013507 1013507 1013507 1013507 1013507 1013507 1013507 1013507 1013507 1013507
[2997] 1013507 1013507 1013507 1013507 1013507 1013507 1013507 1013507 1013507 1013507 1013507 1013507 1013507 1013507
[3011] 1013507 1013507 1013507 1013507 1013507 1013507 1013507 1013507 1013507 1013507 1013507 1013507 1013507 1013507
[3025] 1013507 1013507 1013507 1013507 1013507 1013507 1013507 1013507 1013507 1013507 1013507 1013507 1013507 1013507
[3039] 1013507 1013507 1013507 1013507 1013507 1013507 1013507 1013507 1013507 1013507 1013507 1013507 1013507 1013507
[3053] 1013507 1013507 1013507 1013507 1013507 1013507 1013507 1013507 1013507 1013507 1013507 1013507 1013507 1013507
[3067] 1013507 1013507 1013507 1013507 1013507 1013507 1013507 1013507 1013507 1013507 1013507 1013507 1013507 1013507
[3081] 1013507 1013507 1013507 1013507 1013507 1013507 1013507 1013507 1013507 1013507 1013507 1013507 1013507 1013507
[3095] 1013507 1013507 1013507 1013507 1013507 1013507 1013507 1013507 1013507 1013507 1013507 1013507 1013507 1013507
[3109] 1013507 1013507 1013507 1013507 1013507 1013507 1013507 1013507 1013507 1013507 1013507 1013507 1013507 1013507
[3123] 1013507 1013507 1013507 1013507 1013507 1013507 1013507 1013507 1013507 1013507 1013507 1013507 1013507 1013507
[3137] 1013507 1013507 1013507 1013507 1013507 1013507 1013507 1013507 1013507 1013507 1013507 1013507 1013507 1013507
[3151] 1013507 1013507 1013507 1013507 1013507 1013507 1013507 1013507 1013507 1013507 1013507 1013507 1013507 1013507
[3165] 1013507 1013507 1013507 1013507 1013507 1013507 1013507 1013507 1013507 1013507 1013507 1013507 1013507 1013507
[3179] 1013507 1013507 1013507 1013507 1013507 1013507 1013507 1013507 1013507 1013507 1013507 1013507 1013507 1013507
[3193] 1013507 1013507 1013507 1013507 1013507 1013507 1013507 1013507 1013507 1013507 1013507 1013507 1013507 1013507
[3207] 1013507 1013507 1013507 1013507 1013507 1013507 1013507 1013507 1013507 1013507 1013507 1013507 1013507 1013507
[3221] 1013507 1013507 1013507 1013507 1013507 1013507 1013507 1013507 1013507 1013507 1013507 1013507 1013507 1013507
[3235] 1013507 1013507 1013507 1013507 1013507 1013507 1013507 1013507 1013507 1013507 1013507 1013507 1013507 1013507
[3249] 1013507 1013507 1013507 1013507 1013507 1013507 1013507 1013507 1013507 1013507 1013507 1013507 1013507 1013507
[3263] 1013507 1013507 1013507 1013507 1013507 1013507 1013507 1013507 1013507 1013507 1013507 1013507 1013507 1013507
[3277] 1013507 1013507 1013507 1013507 1013507 1013507 1013507 1013507 1013507 1013507 1013507 1013507 1013507 1013507
[3291] 1013507 1013507 1013507 1013507 1013507 1013507 1013507 1013507 1013507 1013507 1013507 1013507 1013507 1013507
[3305] 1013507 1013507 1013507 1013507 1013507 1013507 1013507 1013507 1013507 1013507 1013507 1013507 1013507 1013507
[3319] 1013507 1013507 1013507 1013507 1013507 1013507 1013507 1013507 1013507 1013507 1013507 1013507 1013507 1013507
[3333] 1013507 1013507 1013507 1013507 1013507 1013507 1013507 1013507 1013507 1013507 1013507 1013507 1013507 1013507
[3347] 1013507 1013507 1013507 1013507 1013507 1013507 1013507 1013507 1013507 1013507 1013507 1013507 1013507 1013507
[3361] 1013507 1013507 1013507 1013507 1013507 1013507 1013507 1013507 1013507 1013507 1013507 1013507 1013507 1013507
[3375] 1013507 1013507 1013507 1013507 1013507 1013507 1013507 1013507 1013507 1013507 1013507 1013507 1013507 1013507
[3389] 1013507 1013507 1013507 1013507 1013507 1013507 1013507 1013507 1013507 1013507 1013507 1013507 1013507 1013507
[3403] 1013507 1013507 1013507 1013507 1013507 1013507 1013507 1013507 1013507 1013507 1013507 1013507 1013507 1013507
[3417] 1013507 1013507 1013507 1013507 1013507 1013507 1013507 1013507 1013507 1013507 1013507 1013507 1013507 1013507
[3431] 1013507 1013507 1013507 1013507 1013507 1013507 1013507 1013507 1013507 1013507 1013507 1013507 1013507 1013507
[3445] 1013507 1013507 1013507 1013507 1013507 1013507 1013507 1013507 1013507 1013507 1013507 1013507 1013507 1013507
[3459] 1013507 1013507 1013507 1013507 1013507 1013507 1013507 1013507 1013507 1013507 1013507 1013507 1013507 1013507
[27:57] 59> length(g)
[1] 358
[28:04] 60> g2 = sapply(g, unique)
[28:18] 61> g2[[1]]
[1] 1013507 1013506
[28:19] 62> g2[[2]]
[1] 1013604 1013603
[28:27] 63> g2[[3]]
[1] 1014006 1014005
[28:30] 64> g2[[4]]
[1] 1014107 1014106
[28:32] 65> table(sapply(g2, length))

  1   2 
200 158 
[28:42] 66> quantile(a$amount, c(.25, .5, .75))
25% 50% 75% 
 NA  NA  NA 
[33:05] 67> quantile(a$amount, c(.25, .5, .75), na.rm = TRUE)
25% 50% 75% 
 NA  NA  NA 
[33:16] 68> table(is.na(a$amount))
< table of extent 0 >
[33:31] 69> quantile(d$amount, c(.25, .5, .75), na.rm = TRUE)
    25%     50%     75% 
 585000  869500 1461250 
[33:55] 70> quantile(d$amount, seq(0, 1, by = .05), na.rm = TRUE)
      0%       5%      10%      15%      20%      25%      30%      35%      40%      45%      50%      55%      60% 
  145000   319750   398600   474250   524000   585000   644250   696300   750000   810000   869500   954500  1062300 
     65%      70%      75%      80%      85%      90%      95%     100% 
 1200000  1300000  1461250  1615200  1850000  2200200  3007000 20500000 
[34:16] 71> table(d$amount > 1e6)

FALSE  TRUE 
  640   460 
[35:19] 72> table(d$amount > 1e6, useNA = "always"
+ )

FALSE  TRUE  <NA> 
  640   460     0 
[35:40] 73> d$date
   [1] "2011-06-16" "2011-06-14" "2011-06-14" "2011-06-17" "2011-06-17" "2011-06-17" "2011-06-17" "2011-06-15"
   [9] "2011-06-17" "2011-06-16" "2011-06-17" "2011-06-17" "2011-06-15" "2011-06-16" "2011-06-16" "2011-06-16"
  [17] "2011-06-15" "2011-06-16" "2011-06-17" "2011-06-15" "2011-06-14" "2011-06-17" "2011-06-14" "2011-06-20"
  [25] "2011-06-14" "2011-06-14" "2011-06-15" "2011-06-15" "2011-06-13" "2011-06-17" "2011-06-17" "2011-06-14"
  [33] "2011-06-17" "2011-06-17" "2011-06-13" "2011-06-17" "2011-06-15" "2011-06-14" "2011-06-14" "2011-06-16"
  [41] "2011-06-17" "2011-06-20" "2011-06-14" "2011-06-15" "2011-06-17" "2011-06-17" "2011-06-20" "2011-06-13"
  [49] "2011-06-14" "2011-06-16" "2011-06-17" "2011-06-20" "2011-06-13" "2011-06-17" "2011-06-17" "2011-06-17"
  [57] "2011-06-13" "2011-06-14" "2011-06-17" "2011-06-17" "2011-06-15" "2011-06-17" "2011-06-17" "2011-06-16"
  [65] "2011-06-17" "2011-06-15" "2011-06-15" "2011-06-16" "2011-06-17" "2011-06-15" "2011-06-17" "2011-06-17"
  [73] "2011-06-15" "2011-06-20" "2011-06-17" "2011-06-16" "2011-06-14" "2011-06-16" "2011-06-20" "2011-06-16"
  [81] "2011-06-14" "2011-05-20" "2011-05-24" "2011-05-23" "2011-05-20" "2011-05-25" "2011-05-20" "2011-05-25"
  [89] "2011-05-24" "2011-05-25" "2011-05-27" "2011-05-20" "2011-05-27" "2011-05-27" "2011-05-27" "2011-05-26"
  [97] "2011-05-20" "2011-05-25" "2011-05-27" "2011-05-24" "2011-05-24" "2011-05-24" "2011-05-20" "2011-05-26"
 [105] "2011-05-27" "2011-05-27" "2011-05-23" "2011-05-20" "2011-05-27" "2011-05-27" "2011-05-25" "2011-05-27"
 [113] "2011-05-27" "2011-05-27" "2011-05-27" "2011-05-27" "2011-05-26" "2011-05-20" "2011-05-26" "2011-05-25"
 [121] "2011-05-27" "2011-05-24" "2011-05-26" "2011-05-25" "2011-05-26" "2011-05-27" "2011-05-25" "2011-05-24"
 [129] "2011-05-27" "2011-05-20" "2011-05-20" "2011-05-27" "2011-05-20" "2011-05-27" "2011-05-20" "2011-05-26"
 [137] "2011-05-24" "2011-06-06" "2011-06-10" "2011-06-10" "2011-06-10" "2011-06-08" "2011-06-10" "2011-06-08"
 [145] "2011-06-07" "2011-06-07" "2011-06-10" "2011-06-09" "2011-06-09" "2012-03-21" "2012-03-21" "2012-03-16"
 [153] "2012-03-16" "2012-03-21" "2012-03-21" "2012-03-15" "2012-03-20" "2012-03-20" "2012-03-16" "2012-03-16"
 [161] "2012-03-20" "2012-03-21" "2012-03-15" "2012-03-15" "2012-03-16" "2012-03-22" "2012-03-15" "2012-03-20"
 [169] "2012-03-22" "2012-03-19" "2012-03-16" "2012-03-16" "2012-03-21" "2012-03-16" "2012-03-16" "2012-03-22"
 [177] "2012-03-15" "2012-03-15" "2012-03-19" "2012-03-16" "2012-03-15" "2012-03-19" "2012-03-16" "2012-03-20"
 [185] "2012-03-22" "2012-03-16" "2012-03-20" "2012-03-21" "2012-03-16" "2012-03-20" "2012-03-21" "2012-03-20"
 [193] "2012-03-22" "2012-03-16" "2012-03-20" "2012-03-20" "2012-03-20" "2012-03-16" "2012-03-20" "2012-03-22"
 [201] "2012-03-16" "2012-03-16" "2012-03-21" "2012-03-22" "2012-03-19" "2012-03-16" "2012-03-15" "2012-03-22"
 [209] "2012-03-21" "2012-03-16" "2012-03-20" "2012-03-16" "2012-03-15" "2012-03-19" "2012-03-21" "2012-03-16"
 [217] "2012-03-20" "2012-03-15" "2012-03-21" "2012-03-16" "2012-03-21" "2012-03-22" "2012-03-19" "2012-03-16"
 [225] "2012-03-21" "2012-03-16" "2012-03-20" "2012-03-16" "2012-03-15" "2012-03-15" "2012-03-16" "2012-03-21"
 [233] "2012-03-15" "2012-03-20" "2012-03-16" "2012-03-16" "2012-03-21" "2012-03-16" "2012-03-22" "2012-03-21"
 [241] "2012-03-16" "2012-03-21" "2012-03-22" "2012-03-19" "2012-03-16" "2012-03-15" "2012-03-15" "2012-03-22"
 [249] "2012-03-21" "2012-03-21" "2012-03-19" "2012-03-16" "2012-03-16" "2012-03-15" "2012-03-20" "2012-03-20"
 [257] "2012-03-21" "2012-03-22" "2012-03-21" "2012-03-15" "2012-03-07" "2012-03-05" "2012-03-02" "2012-03-02"
 [265] "2012-03-01" "2012-03-02" "2012-03-02" "2012-03-01" "2012-03-06" "2012-03-02" "2012-03-02" "2012-03-05"
 [273] "2012-03-07" "2012-03-08" "2012-03-07" "2012-03-06" "2012-03-01" "2012-03-06" "2012-03-06" "2012-03-01"
 [281] "2012-03-08" "2012-03-01" "2012-03-02" "2012-03-05" "2012-03-08" "2012-03-07" "2012-03-05" "2012-03-06"
 [289] "2012-03-01" "2012-03-08" "2012-03-06" "2012-03-06" "2012-03-06" "2012-03-01" "2012-03-07" "2012-03-01"
 [297] "2012-03-02" "2012-03-06" "2012-03-06" "2012-03-08" "2012-03-05" "2012-03-08" "2012-03-02" "2012-03-07"
 [305] "2012-03-02" "2012-03-02" "2012-03-06" "2012-03-08" "2012-03-01" "2012-03-08" "2012-03-08" "2012-03-07"
 [313] "2012-03-01" "2012-03-07" "2012-03-06" "2012-03-07" "2012-03-07" "2012-03-02" "2012-03-02" "2012-03-01"
 [321] "2012-03-02" "2012-03-07" "2012-03-02" "2012-03-01" "2012-03-01" "2012-03-06" "2012-03-01" "2012-03-05"
 [329] "2012-03-01" "2012-03-01" "2012-03-02" "2012-03-02" "2012-03-07" "2012-03-05" "2012-03-06" "2012-03-07"
 [337] "2012-03-02" "2012-03-08" "2012-03-02" "2012-03-02" "2012-03-07" "2012-03-01" "2012-03-08" "2012-03-01"
 [345] "2012-03-08" "2012-03-01" "2012-03-07" "2012-03-07" "2012-03-08" "2012-03-06" "2012-03-07" "2012-03-02"
 [353] "2012-03-02" "2012-03-06" "2012-03-08" "2012-03-02" "2026-07-15" "2026-07-17" "2026-07-13" "2026-07-13"
 [361] "2026-07-17" "2026-07-13" "2026-07-15" "2026-07-17" "2026-07-17" "2026-07-14" "2026-07-13" "2026-07-15"
 [369] "2026-07-17" "2026-07-16" "2026-07-14" "2026-07-14" "2026-07-15" "2026-07-14" "2026-07-13" "2026-07-17"
 [377] "2026-07-15" "2026-07-13" "2026-07-15" "2026-07-17" "2026-07-13" "2026-07-17" "2026-07-17" "2026-07-15"
 [385] "2026-07-13" "2026-07-17" "2026-07-14" "2026-07-17" "2026-07-17" "2026-07-17" "2026-07-13" "2026-07-13"
 [393] "2026-07-16" "2026-07-16" "2026-07-15" "2026-07-16" "2026-07-14" "2026-07-13" "2026-07-17" "2026-07-13"
 [401] "2026-07-13" "2026-07-13" "2026-07-17" "2026-07-15" "2026-07-14" "2026-07-15" "2026-07-17" "2026-07-17"
 [409] "2026-07-17" "2026-07-13" "2026-07-17" "2026-07-13" "2026-07-15" "2026-07-15" "2026-07-15" "2026-07-17"
 [417] "2026-07-13" "2026-07-17" "2026-07-14" "2026-07-17" "2026-07-13" "2026-07-13" "2026-07-17" "2026-07-16"
 [425] "2026-07-13" "2026-07-14" "2026-07-17" "2026-07-15" "2026-07-17" "2026-07-14" "2026-07-13" "2026-07-13"
 [433] "2026-07-17" "2026-07-13" "2026-07-15" "2026-07-13" "2026-07-13" "2026-07-17" "2026-07-15" "2026-07-14"
 [441] "2026-07-16" "2026-07-17" "2026-07-13" "2026-07-14" "2026-07-15" "2026-07-16" "2026-07-13" "2026-07-15"
 [449] "2026-07-17" "2026-07-15" "2026-07-17" "2026-07-17" "2026-07-15" "2026-07-14" "2026-07-16" "2026-07-17"
 [457] "2026-07-17" "2026-07-14" "2026-07-15" "2026-07-15" "2026-07-16" "2026-07-15" "2026-07-13" "2026-07-17"
 [465] "2026-07-14" "2026-07-17" "2026-07-15" "2026-07-16" "2026-07-13" "2026-07-14" "2026-07-13" "2026-07-16"
 [473] "2026-07-15" "2026-07-17" "2026-07-16" "2026-07-15" "2026-07-15" "2026-07-14" "2026-07-13" "2026-07-16"
 [481] "2026-07-17" "2026-07-13" "2026-07-13" "2026-07-17" "2026-07-13" "2026-07-16" "2026-07-15" "2026-07-15"
 [489] "2026-07-14" "2026-07-17" "2026-07-17" "2026-07-15" "2026-07-16" "2026-07-15" "2026-07-16" "2026-07-15"
 [497] "2026-07-15" "2026-07-16" "2026-07-17" "2026-07-13" "2026-07-13" "2026-07-16" "2026-07-17" "2026-07-13"
 [505] "2026-07-16" "2026-07-16" "2026-07-16" "2026-07-17" "2026-07-14" "2026-07-14" "2026-07-15" "2026-07-17"
 [513] "2026-07-17" "2026-07-15" "2026-07-13" "2026-07-13" "2026-07-13" "2026-07-16" "2026-07-16" "2026-07-16"
 [521] "2026-07-16" "2026-07-14" "2026-07-16" "2026-07-16" "2026-07-17" "2026-07-16" "2026-07-17" "2026-07-17"
 [529] "2026-07-15" "2026-07-13" "2026-07-14" "2026-07-16" "2026-07-17" "2026-07-17" "2026-07-15" "2026-07-13"
 [537] "2026-07-17" "2026-07-13" "2026-07-15" "2026-07-13" "2026-07-13" "2026-07-17" "2026-07-14" "2026-07-17"
 [545] "2026-07-13" "2026-07-17" "2026-07-13" "2026-07-17" "2026-07-15" "2026-07-16" "2026-07-15" "2026-07-16"
 [553] "2026-07-17" "2026-07-13" "2026-07-13" "2026-07-17" "2026-07-17" "2026-07-13" "2026-07-14" "2026-07-15"
 [561] "2026-07-16" "2026-07-13" "2026-08-20" "2026-08-17" "2026-08-17" "2026-08-20" "2026-08-21" "2026-08-19"
 [569] "2026-08-19" "2026-08-17" "2026-08-20" "2026-08-18" "2026-08-19" "2026-08-20" "2026-08-17" "2026-08-21"
 [577] "2026-08-18" "2026-08-17" "2026-08-19" "2026-08-17" "2026-08-18" "2026-08-18" "2026-08-17" "2026-08-20"
 [585] "2026-08-20" "2026-08-21" "2026-08-21" "2026-08-20" "2026-08-21" "2026-08-20" "2026-08-17" "2026-08-20"
 [593] "2026-08-21" "2026-08-21" "2026-08-17" "2026-08-17" "2026-08-17" "2026-08-17" "2026-08-21" "2026-08-18"
 [601] "2026-08-21" "2026-08-21" "2026-08-21" "2026-08-20" "2026-08-18" "2026-08-19" "2026-08-21" "2026-08-17"
 [609] "2026-08-19" "2026-08-19" "2026-08-20" "2026-08-18" "2026-08-18" "2026-08-20" "2026-08-20" "2026-08-21"
 [617] "2026-08-21" "2026-08-20" "2026-08-18" "2026-08-19" "2026-08-20" "2026-08-17" "2026-08-17" "2026-08-21"
 [625] "2026-08-17" "2026-08-17" "2026-08-17" "2026-08-20" "2026-08-18" "2026-08-17" "2026-08-21" "2026-08-18"
 [633] "2026-08-17" "2026-08-21" "2026-08-20" "2026-08-19" "2026-08-21" "2026-08-21" "2026-08-18" "2026-08-18"
 [641] "2026-08-21" "2026-08-21" "2026-08-18" "2026-08-20" "2026-08-20" "2026-08-18" "2026-08-21" "2026-08-17"
 [649] "2026-08-17" "2026-08-21" "2026-08-20" "2026-08-17" "2026-08-20" "2026-08-21" "2026-08-19" "2026-08-17"
 [657] "2026-08-21" "2026-08-21" "2026-08-21" "2026-08-18" "2026-08-17" "2026-08-21" "2026-08-17" "2026-08-17"
 [665] "2026-08-17" "2026-08-20" "2026-08-18" "2026-08-18" "2026-08-21" "2026-08-17" "2026-08-19" "2026-08-20"
 [673] "2026-08-17" "2026-08-18" "2026-08-17" "2026-08-17" "2026-08-19" "2026-08-18" "2026-08-17" "2026-08-21"
 [681] "2026-08-17" "2026-08-21" "2026-08-17" "2026-08-21" "2026-08-21" "2026-08-17" "2026-08-18" "2026-08-19"
 [689] "2026-08-21" "2026-08-17" "2026-08-19" "2026-08-17" "2026-08-19" "2026-08-20" "2026-08-19" "2026-08-19"
 [697] "2026-08-20" "2026-08-18" "2026-08-18" "2026-08-20" "2026-08-20" "2026-08-18" "2026-08-17" "2026-08-20"
 [705] "2026-08-20" "2026-08-20" "2026-08-21" "2026-08-19" "2026-08-18" "2026-08-17" "2026-08-19" "2026-08-07"
 [713] "2026-08-05" "2026-08-07" "2026-08-05" "2026-08-05" "2026-08-07" "2026-08-03" "2026-08-07" "2026-08-03"
 [721] "2026-08-07" "2026-08-03" "2026-08-03" "2026-08-03" "2026-08-03" "2026-08-07" "2026-08-07" "2026-08-06"
 [729] "2026-08-03" "2026-08-06" "2026-08-03" "2026-08-03" "2026-08-04" "2026-08-04" "2026-08-03" "2026-08-03"
 [737] "2026-08-07" "2026-08-06" "2026-08-03" "2026-08-06" "2026-08-07" "2026-08-07" "2026-08-04" "2026-08-05"
 [745] "2026-08-03" "2026-08-06" "2026-08-06" "2026-08-05" "2026-08-07" "2026-08-07" "2026-08-06" "2026-08-03"
 [753] "2026-08-21" "2026-08-17" "2026-08-17" "2026-08-19" "2026-08-20" "2026-08-21" "2026-08-21" "2026-08-21"
 [761] "2026-08-17" "2026-08-18" "2026-08-19" "2026-08-21" "2026-08-17" "2026-08-17" "2026-08-21" "2026-08-17"
 [769] "2026-08-19" "2026-08-18" "2026-08-21" "2026-08-21" "2026-08-18" "2026-08-20" "2026-08-21" "2026-08-20"
 [777] "2026-08-19" "2026-08-18" "2026-08-17" "2026-08-20" "2026-08-21" "2026-08-21" "2026-08-17" "2026-08-21"
 [785] "2026-08-18" "2026-08-19" "2026-08-18" "2026-08-17" "2026-08-19" "2026-08-19" "2026-08-21" "2026-08-21"
 [793] "2026-08-21" "2026-08-19" "2026-08-21" "2026-08-20" "2026-08-20" "2026-08-21" "2026-08-21" "2026-08-03"
 [801] "2026-08-07" "2026-08-04" "2026-08-06" "2026-08-07" "2026-08-04" "2026-08-05" "2026-08-07" "2026-08-06"
 [809] "2026-08-05" "2026-08-03" "2026-08-03" "2026-08-03" "2026-08-07" "2026-08-03" "2026-08-04" "2026-08-04"
 [817] "2026-08-07" "2026-08-06" "2026-08-06" "2026-08-06" "2026-08-04" "2026-08-06" "2026-08-03" "2026-08-03"
 [825] "2026-08-07" "2026-08-07" "2026-08-06" "2026-08-07" "2026-08-03" "2026-08-07" "2026-08-07" "2026-08-03"
 [833] "2026-08-04" "2026-08-04" "2026-08-03" "2026-08-06" "2026-08-06" "2026-08-07" "2026-08-04" "2026-08-04"
 [841] "2026-08-03" "2026-08-03" "2026-08-05" "2026-08-07" "2026-08-03" "2026-08-04" "2026-08-05" "2026-08-04"
 [849] "2026-08-03" "2026-08-03" "2026-08-04" "2026-08-04" "2026-08-07" "2026-08-07" "2026-08-03" "2026-08-06"
 [857] "2026-08-03" "2026-08-03" "2026-08-04" "2026-08-03" "2026-08-04" "2026-08-03" "2026-08-03" "2026-08-04"
 [865] "2026-08-03" "2026-08-03" "2026-08-04" "2026-08-03" "2026-08-07" "2026-08-03" "2026-08-04" "2026-08-03"
 [873] "2026-08-04" "2026-08-03" "2026-08-04" "2026-08-06" "2026-08-03" "2026-08-04" "2026-08-07" "2026-08-03"
 [881] "2026-08-04" "2026-08-03" "2026-08-03" "2026-08-04" "2026-08-03" "2026-08-20" "2026-08-17" "2026-08-17"
 [889] "2026-08-17" "2026-08-18" "2026-08-20" "2026-08-20" "2026-08-17" "2026-08-19" "2026-08-18" "2026-08-18"
 [897] "2026-08-17" "2026-08-19" "2026-08-19" "2026-08-17" "2026-08-21" "2026-08-17" "2026-08-20" "2026-08-17"
 [905] "2026-08-18" "2026-08-18" "2026-08-17" "2026-08-20" "2026-08-21" "2026-08-20" "2026-08-20" "2026-08-18"
 [913] "2026-08-20" "2026-08-20" "2026-08-21" "2026-08-18" "2026-08-19" "2026-08-17" "2026-08-21" "2026-08-20"
 [921] "2026-08-17" "2026-08-20" "2026-08-21" "2026-08-19" "2026-08-21" "2026-08-17" "2026-08-20" "2026-08-17"
 [929] "2026-08-18" "2026-08-19" "2026-08-20" "2026-08-18" "2026-08-17" "2026-08-17" "2026-08-21" "2026-08-20"
 [937] "2026-08-21" "2026-08-17" "2026-08-17" "2026-08-19" "2026-08-21" "2026-08-17" "2026-08-18" "2026-08-19"
 [945] "2026-08-17" "2026-08-19" "2026-08-18" "2026-08-18" "2026-08-21" "2026-08-20" "2026-08-17" "2026-08-17"
 [953] "2026-08-17" "2026-08-21" "2026-08-17" "2026-08-21" "2026-08-17" "2026-08-21" "2026-08-19" "2026-08-21"
 [961] "2026-08-18" "2026-08-19" "2026-08-21" "2026-08-19" "2026-08-21" "2026-08-18" "2026-08-19" "2026-08-20"
 [969] "2026-08-21" "2026-08-19" "2026-08-19" "2026-08-21" "2026-08-20" "2026-08-17" "2026-08-20" "2026-08-20"
 [977] "2026-08-21" "2026-08-21" "2026-08-17" "2026-08-17" "2026-08-18" "2026-08-19" "2026-08-19" "2026-08-20"
 [985] "2026-08-19" "2026-08-21" "2026-08-17" "2026-08-18" "2026-08-21" "2026-08-19" "2026-08-18" "2026-08-20"
 [993] "2026-08-17" "2026-08-19" "2026-08-17" "2026-08-20" "2026-08-21" "2026-08-17" "2026-08-19" "2026-08-19"
[1001] "2026-08-21" "2026-08-21" "2026-08-17" "2026-08-20" "2026-08-21" "2026-08-18" "2026-08-17" "2026-08-17"
[1009] "2026-08-21" "2026-08-21" "2026-08-20" "2026-08-19" "2026-08-19" "2026-08-21" "2026-08-19" "2026-08-19"
[1017] "2026-08-17" "2026-08-17" "2026-08-17" "2026-08-18" "2026-08-17" "2026-08-21" "2026-08-20" "2026-08-20"
[1025] "2026-08-18" "2026-08-18" "2026-08-20" "2026-08-17" "2026-08-21" "2026-08-18" "2026-08-17" "2026-08-20"
[1033] "2026-08-21" "2026-08-21" "2026-08-18" "2026-08-20" "2026-08-21" "2026-08-18" "2026-08-17" "2026-08-17"
[1041] "2026-08-20" "2026-08-17" "2026-08-20" "2026-08-18" "2026-08-21" "2026-08-17" "2026-08-21" "2026-08-18"
[1049] "2026-08-17" "2026-08-18" "2026-08-17" "2026-08-17" "2026-08-19" "2026-08-20" "2026-08-18" "2026-08-17"
[1057] "2026-08-17" "2026-08-20" "2026-08-17" "2026-07-14" "2026-07-13" "2026-07-16" "2026-07-14" "2026-07-13"
[1065] "2026-07-15" "2026-07-14" "2026-07-16" "2026-07-15" "2026-07-14" "2026-07-17" "2026-07-17" "2026-07-16"
[1073] "2026-07-13" "2026-07-13" "2026-07-17" "2026-07-13" "2026-07-14" "2026-07-14" "2026-07-17" "2026-07-17"
[1081] "2026-07-17" "2026-07-15" "2026-07-16" "2026-07-15" "2026-07-15" "2026-07-13" "2026-07-17" "2026-07-17"
[1089] "2026-07-17" "2026-07-15" "2026-07-15" "2026-07-14" "2026-07-15" "2026-07-13" "2026-07-13" "2026-07-15"
[1097] "2026-07-15" "2026-07-14" "2026-07-13" "2026-07-15"
[36:34] 74> ?format
WARNING: terminal is not fully functional
Press RETURN to continue 
format                  package:base                   R Documentation

Encode in a Common Format

Description:

     Format an R object for pretty printing, notably encoding vector or
     column elements into a common format.

Usage:

     format(x, ...)
     
     ## Default S3 method:
     format(x, trim = FALSE, digits = NULL, nsmall = 0L,
            justify = c("left", "right", "centre", "none"),
            width = NULL, na.encode = TRUE, scientific = NA,
            big.mark   = "",   big.interval = 3L,
            small.mark = "", small.interval = 5L,
            decimal.mark = getOption("OutDec"),
            zero.print = NULL, drop0trailing = FALSE, ...)
     
     ## S3 method for class 'data.frame'
     format(x, ..., justify = "none", cut.names = TRUE)
     
     ## S3 method for class 'factor'
     format(x, ...)
     
     ## S3 method for class 'AsIs'
     format(x, width = 12, ...)
     
Arguments:

       x: any R object (conceptually); typically numeric.

    trim: logical; if ‘FALSE’, logical, numeric and complex values are
          right-justified to a common width: if ‘TRUE’ the leading
          blanks for justification are suppressed.

: 
  digits: a positive integer indicating how many significant digits are
          to be used for numeric and complex ‘x’.  The default, ‘NULL’,
          uses ‘getOption("digits")’.  This is a suggestion: enough
          decimal places will be used so that the smallest (in
          magnitude) number has this many significant digits, and also
          to satisfy ‘nsmall’.  (For more, notably the interpretation
          for complex numbers see ‘signif’.)

  nsmall: the minimum number of digits to the right of the decimal
          point in formatting real/complex numbers in non-scientific
          formats.  Allowed values are ‘0 <= nsmall <= 20’.

 justify: should a _character_ vector be left-justified (the default),
          right-justified, centred or left alone.  Can be abbreviated.

cut.names: ‘logical’ passed to the ‘list’ method of ‘as.data.frame()’.

   width: ‘default’ method: the _minimum_ field width or ‘NULL’ or ‘0’
          for no restriction.

          ‘AsIs’ method: the _maximum_ field width for non-character
          objects.  ‘NULL’ corresponds to the default ‘12’.

na.encode: logical: should ‘NA’ strings be encoded?  Note this only
          applies to elements of character vectors, not to numerical,
          complex nor logical ‘NA’s, which are always encoded as
          ‘"NA"’.

scientific: either a logical specifying whether elements of a real or
          complex vector should be encoded in scientific format, or an
          integer penalty (see ‘options("scipen")’).  Missing values
          correspond to the current default penalty.

     ...: further arguments passed to or from other methods.

big.mark, big.interval, small.mark, small.interval, decimal.mark,
          zero.print, drop0trailing: used for prettying (longish)
          numerical and complex sequences.  Passed to ‘prettyNum’: that
          help page explains the details.
:
:q
[37:23] 75> 
[37:23] 75> format.Date
function (x, format = "%Y-%m-%d", ...) 
format(as.POSIXlt(x), format = format, ...)
<bytecode: 0x1265536a0>
<environment: namespace:base>
[37:27] 76> ?format.Date
WARNING: terminal is not fully functional
Press RETURN to continue 
as.Date                  package:base                  R Documentation

Date Conversion Functions to and from Character

Description:

     Functions to convert between character representations and objects
     of class ‘"Date"’ representing calendar dates.

Usage:

     as.Date(x, ...)
     ## S3 method for class 'character'
     as.Date(x, format, tryFormats = c("%Y-%m-%d", "%Y/%m/%d"),
             optional = FALSE, ...)
     ## S3 method for class 'numeric'
     as.Date(x, origin, ...)
     ## S3 method for class 'POSIXct'
     as.Date(x, tz = "UTC", ...)
     
     ## S3 method for class 'Date'
     format(x, format = "%Y-%m-%d", ...)
     
     ## S3 method for class 'Date'
     as.character(x, ...)
     
Arguments:

       x: an object to be converted.

  format: a ‘character’ string.  If not specified when converting from
          a character representation, it will try ‘tryFormats’ one by
          one on the first non-‘NA’ element, and give an error if none
          works.  Otherwise, the processing is via ‘strptime()’ whose
          help page describes available conversion specifications.

tryFormats: ‘character’ vector of ‘format’ strings to try if ‘format’
          is not specified.

: 
optional: ‘logical’ indicating to return ‘NA’ (instead of signalling an
          error) if the format guessing does not succeed.

  origin: a ‘Date’ object, or something which can be coerced by
          ‘as.Date(origin, ...)’ to such an object or ‘missing’.  In
          that case, ‘"1970-01-01"’ is used.

      tz: a time zone name.

     ...: further arguments to be passed from or to other methods.

Details:

     The usual vector re-cycling rules are applied to ‘x’ and ‘format’
     so the answer will be of length that of the longer of the vectors.

     Locale-specific conversions to and from character strings are used
     where appropriate and available.  This affects the names of the
     days and months.

     The ‘as.Date’ methods accept character strings, factors, logical
     ‘NA’ and objects of classes ‘"POSIXlt"’ and ‘"POSIXct"’.  (The
     last is converted to days by ignoring the time after midnight in
     the representation of the time in specified time zone, default
     UTC.)  Also objects of class ‘"date"’ (from package ‘date’) and
     ‘"dates"’ (from package ‘chron’).  Character strings are processed
     as far as necessary for the format specified: any trailing
     characters are ignored.

     ‘as.Date’ will accept numeric data (the number of days since an
     epoch), since R 4.3.0 also when ‘origin’ is not supplied.

     The ‘format’ and ‘as.character’ methods ignore any fractional part
     of the date.

Value:

     The ‘format’ and ‘as.character’ methods return a character vector
     representing the date.  ‘NA’ dates are returned as
     ‘NA_character_’.
: 

     The ‘as.Date’ methods return an object of class ‘"Date"’.

Conversion from other Systems:

     Most systems record dates internally as the number of days since
     some origin, but this is fraught with problems, including

        • Is the origin day 0 or day 1?  As the ‘Examples’ show, Excel
          manages to use both choices for its two date systems.

        • If the origin is far enough back, the designers may show
          their ignorance of calendar systems.  For example, Excel's
          designer thought 1900 was a leap year (claiming to copy the
          error from earlier DOS spreadsheets), and Matlab's designer
          chose the non-existent date of ‘January 0, 0000’ (there is no
          such day), not specifying the calendar.  (There is such a
          year in the ‘Gregorian’ calendar as used in ISO 8601:2004,
          but that does say that it is only to be used for years before
          1582 with the agreement of the parties in information
          exchange.)

     The only safe procedure is to check the other systems values for
     known dates: reports on the Internet (including R-help) are more
     often wrong than right.

Note:

     The default formats follow the rules of the ISO 8601 international
     standard which expresses a day as ‘"2001-02-03"’.

     If the date string does not specify the date completely, the
     returned answer may be system-specific.  The most common behaviour
     is to assume that a missing year, month or day is the current one.
     If it specifies a date incorrectly, reliable implementations will
     give an error and the date is reported as ‘NA’.  Unfortunately
     some common implementations (such as ‘glibc’) are unreliable and
     guess at the intended meaning.

     Years before 1CE (aka 1AD) will probably not be handled correctly.
: 

References:

     International Organization for Standardization (2004, 1988, 1997,
     ...)  _ISO 8601. Data elements and interchange formats -
     Information interchange - Representation of dates and times._ For
     links to versions available on-line see (at the time of writing)
     <https://www.qsl.net/g1smd/isopdf.htm>.

See Also:

     Date for details of the date class; ‘locales’ to query or set a
     locale.

     Your system's help pages on ‘strftime’ and ‘strptime’ to see how
     to specify their formats.  Windows users will find no help page
     for ‘strptime’: code based on ‘glibc’ is used (with corrections),
     so all the format specifiers described here are supported, but
     with no alternative number representation nor era available in any
     locale.

Examples:

     ## locale-specific version of the date
     format(Sys.Date(), "%a %b %d")
     
     ## read in date info in format 'ddmmmyyyy'
     ## This will give NA(s) in some locales; setting the C locale
     ## as in the commented lines will overcome this on most systems.
     ## lct <- Sys.getlocale("LC_TIME"); Sys.setlocale("LC_TIME", "C")
     x <- c("1jan1960", "2jan1960", "31mar1960", "30jul1960")
     z <- as.Date(x, "%d%b%Y")
     ## Sys.setlocale("LC_TIME", lct)
     z
     
     ## read in date/time info in format 'm/d/y'
     dates <- c("02/27/92", "02/27/92", "01/14/92", "02/28/92", "02/01/92")
     as.Date(dates, "%m/%d/%y")
     
     ## date given as number of days since 1900-01-01 (a date in 1989)
: q
     as.Date(32768, origin = "1900-01-01")
     ## Excel is said to use 1900-01-01 as day 1 (Windows default) or
     ## 1904-01-01 as day 0 (Mac default), but this is complicated by Excel
     ## incorrectly treating 1900 as a leap year.
     ## So for dates (post-1901) from Windows Excel
     as.Date(35981, origin = "1899-12-30") # 1998-07-05
     ## and Mac Excel
     as.Date(34519, origin = "1904-01-01") # 1998-07-05
     ## (these values come from http://support.microsoft.com/kb/214330)
     
     ## Experiment shows that Matlab's origin is 719529 days before ours,
     ## (it takes the non-existent 0000-01-01 as day 1)
     ## so Matlab day 734373 can be imported as
     as.Date(734373) - 719529 # 2010-08-23
     ## (value from
     ## http://www.mathworks.de/de/help/matlab/matlab_prog/represent-date-and-times-in-MATLAB.html)
     
     ## Time zone effect
     z <- ISOdate(2010, 04, 13, c(0,12)) # midnight and midday UTC
     as.Date(z) # in UTC
     ## these time zone names are common
     as.Date(z, tz = "NZ")
     as.Date(z, tz = "HST") # Hawaii
     

[37:40] 77> 
[37:40] 77> ?strptime
WARNING: terminal is not fully functional
Press RETURN to continue 
strptime                 package:base                  R Documentation

Date-time Conversion Functions to and from Character

Description:

     Functions to convert between character representations and objects
     of classes ‘"POSIXlt"’ and ‘"POSIXct"’ representing calendar dates
     and times.

Usage:

     ## S3 method for class 'POSIXct'
     format(x, format = "", tz = "", usetz = FALSE, ...)
     ## S3 method for class 'POSIXlt'
     format(x, format = "", usetz = FALSE,
            digits = getOption("digits.secs"), ...)
     
     ## S3 method for class 'POSIXt'
     as.character(x, digits = if(inherits(x, "POSIXlt")) 14L else 6L,
                  OutDec = ".", ...)
     
     strftime(x, format = "", tz = "", usetz = FALSE, ...)
     strptime(x, format, tz = "")
     
Arguments:

       x: an object to be converted: a character vector for ‘strptime’,
          an object which can be converted to ‘"POSIXlt"’ for
          ‘strftime’.

      tz: a character string specifying the time zone to be used for
          the conversion.  System-specific (see ‘as.POSIXlt’), but ‘""’
          is the current time zone, and ‘"GMT"’ is UTC.  Invalid values
          are most commonly treated as UTC, on some platforms with a
          warning.

  format: a character string.  The default for the ‘format’ methods is
          ‘"%Y-%m-%d %H:%M:%S"’ if any element has a time component
: 
          which is not midnight, and ‘"%Y-%m-%d"’ otherwise.  In the
          first case and if ‘digits’ is not ‘NULL’, i.e., by default
          when ‘options("digits.secs")’ is set, up to the specified
          number of digits will be printed for seconds, using
          ‘"%OS<n>"’ instead of ‘"%S"’ in the format, see also
          ‘Details’.

     ...: further arguments to be passed from or to other methods; for
          ‘strftime()’, notably ‘digits’, passed to
          ‘format(<POSIXlt>)’.

   usetz: logical.  Should the time zone abbreviation be appended to
          the output?  This is used in printing times, and more
          reliable than using ‘"%Z"’.

  digits: integer determining the ‘format()’ing of seconds when needed.
          Note that the defaults for ‘format()’ and ‘as.character()’
          differ on purpose, ‘as.character()’ giving close to full
          accuracy as it does for numbers.

  OutDec: a 1-character string specifying the decimal point to be used;
          the default is _not_ ‘getOption("OutDec")’ on purpose.

Details:

     The ‘format’ and ‘as.character’ methods and ‘strftime’ convert
     objects from the classes ‘"POSIXlt"’ and ‘"POSIXct"’ to
     ‘character’ vectors.

     ‘strptime’ converts character vectors to class ‘"POSIXlt"’: its
     input ‘x’ is first converted by ‘as.character’.  Each input string
     is processed as far as necessary for the format specified: any
     trailing characters are ignored.

     ‘strftime’ is a wrapper for ‘format.POSIXlt’, and it and
     ‘format.POSIXct’ first convert to class ‘"POSIXlt"’ by calling
     ‘as.POSIXlt’ (so they also work for class ‘"Date"’).  Note that
     only that conversion depends on the time zone.  Since R version
     4.2.0, ‘as.POSIXlt()’ conversion now treats the non-finite numeric
     ‘-Inf’, ‘Inf’, ‘NA’ and ‘NaN’ differently (where previously all
: 
     were treated as ‘NA’). Also the ‘format()’ method for ‘POSIXlt’
     now treats these different non-finite times and dates analogously
     to type ‘double’.

     The usual vector re-cycling rules are applied to ‘x’ and ‘format’
     so the answer will be of length of the longer of these vectors.

     Locale-specific conversions to and from character strings are used
     where appropriate and available.  This affects the names of the
     days and months, the AM/PM indicator (if used) and the separators
     in output formats such as ‘%x’ and ‘%X’, _via_ the setting of the
     ‘LC_TIME’ locale category.  The ‘current locale’ of the
     descriptions might mean the locale in use at the start of the R
     session or when these functions are first used.  (For input, the
     locale-specific conversions can be changed by calling
     ‘Sys.setlocale’ with category ‘LC_TIME’ (or ‘LC_ALL’).  For
     output, what happens depends on the OS but usually works.)

     The details of the formats are platform-specific, but the
     following are likely to be widely available: most are defined by
     the POSIX standard.  A _conversion specification_ is introduced by
     ‘%’, usually followed by a single letter or ‘O’ or ‘E’ and then a
     single letter.  Any character in the format string not part of a
     conversion specification is interpreted literally (and ‘%%’ gives
     ‘%’).  Widely implemented conversion specifications include

     ‘%a’ Abbreviated weekday name in the current locale on this
          platform.  (Also matches full name on input: in some locales
          there are no abbreviations of names.)

     ‘%A’ Full weekday name in the current locale.  (Also matches
          abbreviated name on input.)

     ‘%b’ Abbreviated month name in the current locale on this
          platform.  (Also matches full name on input: in some locales
          there are no abbreviations of names.)

     ‘%B’ Full month name in the current locale.  (Also matches
          abbreviated name on input.)
:
:q
[38:16] 78> 
[38:16] 78> format(d$date, "%a")
   [1] "Thu" "Tue" "Tue" "Fri" "Fri" "Fri" "Fri" "Wed" "Fri" "Thu" "Fri" "Fri" "Wed" "Thu" "Thu" "Thu" "Wed" "Thu" "Fri"
  [20] "Wed" "Tue" "Fri" "Tue" "Mon" "Tue" "Tue" "Wed" "Wed" "Mon" "Fri" "Fri" "Tue" "Fri" "Fri" "Mon" "Fri" "Wed" "Tue"
  [39] "Tue" "Thu" "Fri" "Mon" "Tue" "Wed" "Fri" "Fri" "Mon" "Mon" "Tue" "Thu" "Fri" "Mon" "Mon" "Fri" "Fri" "Fri" "Mon"
  [58] "Tue" "Fri" "Fri" "Wed" "Fri" "Fri" "Thu" "Fri" "Wed" "Wed" "Thu" "Fri" "Wed" "Fri" "Fri" "Wed" "Mon" "Fri" "Thu"
  [77] "Tue" "Thu" "Mon" "Thu" "Tue" "Fri" "Tue" "Mon" "Fri" "Wed" "Fri" "Wed" "Tue" "Wed" "Fri" "Fri" "Fri" "Fri" "Fri"
  [96] "Thu" "Fri" "Wed" "Fri" "Tue" "Tue" "Tue" "Fri" "Thu" "Fri" "Fri" "Mon" "Fri" "Fri" "Fri" "Wed" "Fri" "Fri" "Fri"
 [115] "Fri" "Fri" "Thu" "Fri" "Thu" "Wed" "Fri" "Tue" "Thu" "Wed" "Thu" "Fri" "Wed" "Tue" "Fri" "Fri" "Fri" "Fri" "Fri"
 [134] "Fri" "Fri" "Thu" "Tue" "Mon" "Fri" "Fri" "Fri" "Wed" "Fri" "Wed" "Tue" "Tue" "Fri" "Thu" "Thu" "Wed" "Wed" "Fri"
 [153] "Fri" "Wed" "Wed" "Thu" "Tue" "Tue" "Fri" "Fri" "Tue" "Wed" "Thu" "Thu" "Fri" "Thu" "Thu" "Tue" "Thu" "Mon" "Fri"
 [172] "Fri" "Wed" "Fri" "Fri" "Thu" "Thu" "Thu" "Mon" "Fri" "Thu" "Mon" "Fri" "Tue" "Thu" "Fri" "Tue" "Wed" "Fri" "Tue"
 [191] "Wed" "Tue" "Thu" "Fri" "Tue" "Tue" "Tue" "Fri" "Tue" "Thu" "Fri" "Fri" "Wed" "Thu" "Mon" "Fri" "Thu" "Thu" "Wed"
 [210] "Fri" "Tue" "Fri" "Thu" "Mon" "Wed" "Fri" "Tue" "Thu" "Wed" "Fri" "Wed" "Thu" "Mon" "Fri" "Wed" "Fri" "Tue" "Fri"
 [229] "Thu" "Thu" "Fri" "Wed" "Thu" "Tue" "Fri" "Fri" "Wed" "Fri" "Thu" "Wed" "Fri" "Wed" "Thu" "Mon" "Fri" "Thu" "Thu"
 [248] "Thu" "Wed" "Wed" "Mon" "Fri" "Fri" "Thu" "Tue" "Tue" "Wed" "Thu" "Wed" "Thu" "Wed" "Mon" "Fri" "Fri" "Thu" "Fri"
 [267] "Fri" "Thu" "Tue" "Fri" "Fri" "Mon" "Wed" "Thu" "Wed" "Tue" "Thu" "Tue" "Tue" "Thu" "Thu" "Thu" "Fri" "Mon" "Thu"
 [286] "Wed" "Mon" "Tue" "Thu" "Thu" "Tue" "Tue" "Tue" "Thu" "Wed" "Thu" "Fri" "Tue" "Tue" "Thu" "Mon" "Thu" "Fri" "Wed"
 [305] "Fri" "Fri" "Tue" "Thu" "Thu" "Thu" "Thu" "Wed" "Thu" "Wed" "Tue" "Wed" "Wed" "Fri" "Fri" "Thu" "Fri" "Wed" "Fri"
 [324] "Thu" "Thu" "Tue" "Thu" "Mon" "Thu" "Thu" "Fri" "Fri" "Wed" "Mon" "Tue" "Wed" "Fri" "Thu" "Fri" "Fri" "Wed" "Thu"
 [343] "Thu" "Thu" "Thu" "Thu" "Wed" "Wed" "Thu" "Tue" "Wed" "Fri" "Fri" "Tue" "Thu" "Fri" "Wed" "Fri" "Mon" "Mon" "Fri"
 [362] "Mon" "Wed" "Fri" "Fri" "Tue" "Mon" "Wed" "Fri" "Thu" "Tue" "Tue" "Wed" "Tue" "Mon" "Fri" "Wed" "Mon" "Wed" "Fri"
 [381] "Mon" "Fri" "Fri" "Wed" "Mon" "Fri" "Tue" "Fri" "Fri" "Fri" "Mon" "Mon" "Thu" "Thu" "Wed" "Thu" "Tue" "Mon" "Fri"
 [400] "Mon" "Mon" "Mon" "Fri" "Wed" "Tue" "Wed" "Fri" "Fri" "Fri" "Mon" "Fri" "Mon" "Wed" "Wed" "Wed" "Fri" "Mon" "Fri"
 [419] "Tue" "Fri" "Mon" "Mon" "Fri" "Thu" "Mon" "Tue" "Fri" "Wed" "Fri" "Tue" "Mon" "Mon" "Fri" "Mon" "Wed" "Mon" "Mon"
 [438] "Fri" "Wed" "Tue" "Thu" "Fri" "Mon" "Tue" "Wed" "Thu" "Mon" "Wed" "Fri" "Wed" "Fri" "Fri" "Wed" "Tue" "Thu" "Fri"
 [457] "Fri" "Tue" "Wed" "Wed" "Thu" "Wed" "Mon" "Fri" "Tue" "Fri" "Wed" "Thu" "Mon" "Tue" "Mon" "Thu" "Wed" "Fri" "Thu"
 [476] "Wed" "Wed" "Tue" "Mon" "Thu" "Fri" "Mon" "Mon" "Fri" "Mon" "Thu" "Wed" "Wed" "Tue" "Fri" "Fri" "Wed" "Thu" "Wed"
 [495] "Thu" "Wed" "Wed" "Thu" "Fri" "Mon" "Mon" "Thu" "Fri" "Mon" "Thu" "Thu" "Thu" "Fri" "Tue" "Tue" "Wed" "Fri" "Fri"
 [514] "Wed" "Mon" "Mon" "Mon" "Thu" "Thu" "Thu" "Thu" "Tue" "Thu" "Thu" "Fri" "Thu" "Fri" "Fri" "Wed" "Mon" "Tue" "Thu"
 [533] "Fri" "Fri" "Wed" "Mon" "Fri" "Mon" "Wed" "Mon" "Mon" "Fri" "Tue" "Fri" "Mon" "Fri" "Mon" "Fri" "Wed" "Thu" "Wed"
 [552] "Thu" "Fri" "Mon" "Mon" "Fri" "Fri" "Mon" "Tue" "Wed" "Thu" "Mon" "Thu" "Mon" "Mon" "Thu" "Fri" "Wed" "Wed" "Mon"
 [571] "Thu" "Tue" "Wed" "Thu" "Mon" "Fri" "Tue" "Mon" "Wed" "Mon" "Tue" "Tue" "Mon" "Thu" "Thu" "Fri" "Fri" "Thu" "Fri"
 [590] "Thu" "Mon" "Thu" "Fri" "Fri" "Mon" "Mon" "Mon" "Mon" "Fri" "Tue" "Fri" "Fri" "Fri" "Thu" "Tue" "Wed" "Fri" "Mon"
 [609] "Wed" "Wed" "Thu" "Tue" "Tue" "Thu" "Thu" "Fri" "Fri" "Thu" "Tue" "Wed" "Thu" "Mon" "Mon" "Fri" "Mon" "Mon" "Mon"
 [628] "Thu" "Tue" "Mon" "Fri" "Tue" "Mon" "Fri" "Thu" "Wed" "Fri" "Fri" "Tue" "Tue" "Fri" "Fri" "Tue" "Thu" "Thu" "Tue"
 [647] "Fri" "Mon" "Mon" "Fri" "Thu" "Mon" "Thu" "Fri" "Wed" "Mon" "Fri" "Fri" "Fri" "Tue" "Mon" "Fri" "Mon" "Mon" "Mon"
 [666] "Thu" "Tue" "Tue" "Fri" "Mon" "Wed" "Thu" "Mon" "Tue" "Mon" "Mon" "Wed" "Tue" "Mon" "Fri" "Mon" "Fri" "Mon" "Fri"
 [685] "Fri" "Mon" "Tue" "Wed" "Fri" "Mon" "Wed" "Mon" "Wed" "Thu" "Wed" "Wed" "Thu" "Tue" "Tue" "Thu" "Thu" "Tue" "Mon"
 [704] "Thu" "Thu" "Thu" "Fri" "Wed" "Tue" "Mon" "Wed" "Fri" "Wed" "Fri" "Wed" "Wed" "Fri" "Mon" "Fri" "Mon" "Fri" "Mon"
 [723] "Mon" "Mon" "Mon" "Fri" "Fri" "Thu" "Mon" "Thu" "Mon" "Mon" "Tue" "Tue" "Mon" "Mon" "Fri" "Thu" "Mon" "Thu" "Fri"
 [742] "Fri" "Tue" "Wed" "Mon" "Thu" "Thu" "Wed" "Fri" "Fri" "Thu" "Mon" "Fri" "Mon" "Mon" "Wed" "Thu" "Fri" "Fri" "Fri"
 [761] "Mon" "Tue" "Wed" "Fri" "Mon" "Mon" "Fri" "Mon" "Wed" "Tue" "Fri" "Fri" "Tue" "Thu" "Fri" "Thu" "Wed" "Tue" "Mon"
 [780] "Thu" "Fri" "Fri" "Mon" "Fri" "Tue" "Wed" "Tue" "Mon" "Wed" "Wed" "Fri" "Fri" "Fri" "Wed" "Fri" "Thu" "Thu" "Fri"
 [799] "Fri" "Mon" "Fri" "Tue" "Thu" "Fri" "Tue" "Wed" "Fri" "Thu" "Wed" "Mon" "Mon" "Mon" "Fri" "Mon" "Tue" "Tue" "Fri"
 [818] "Thu" "Thu" "Thu" "Tue" "Thu" "Mon" "Mon" "Fri" "Fri" "Thu" "Fri" "Mon" "Fri" "Fri" "Mon" "Tue" "Tue" "Mon" "Thu"
 [837] "Thu" "Fri" "Tue" "Tue" "Mon" "Mon" "Wed" "Fri" "Mon" "Tue" "Wed" "Tue" "Mon" "Mon" "Tue" "Tue" "Fri" "Fri" "Mon"
 [856] "Thu" "Mon" "Mon" "Tue" "Mon" "Tue" "Mon" "Mon" "Tue" "Mon" "Mon" "Tue" "Mon" "Fri" "Mon" "Tue" "Mon" "Tue" "Mon"
 [875] "Tue" "Thu" "Mon" "Tue" "Fri" "Mon" "Tue" "Mon" "Mon" "Tue" "Mon" "Thu" "Mon" "Mon" "Mon" "Tue" "Thu" "Thu" "Mon"
 [894] "Wed" "Tue" "Tue" "Mon" "Wed" "Wed" "Mon" "Fri" "Mon" "Thu" "Mon" "Tue" "Tue" "Mon" "Thu" "Fri" "Thu" "Thu" "Tue"
 [913] "Thu" "Thu" "Fri" "Tue" "Wed" "Mon" "Fri" "Thu" "Mon" "Thu" "Fri" "Wed" "Fri" "Mon" "Thu" "Mon" "Tue" "Wed" "Thu"
 [932] "Tue" "Mon" "Mon" "Fri" "Thu" "Fri" "Mon" "Mon" "Wed" "Fri" "Mon" "Tue" "Wed" "Mon" "Wed" "Tue" "Tue" "Fri" "Thu"
 [951] "Mon" "Mon" "Mon" "Fri" "Mon" "Fri" "Mon" "Fri" "Wed" "Fri" "Tue" "Wed" "Fri" "Wed" "Fri" "Tue" "Wed" "Thu" "Fri"
 [970] "Wed" "Wed" "Fri" "Thu" "Mon" "Thu" "Thu" "Fri" "Fri" "Mon" "Mon" "Tue" "Wed" "Wed" "Thu" "Wed" "Fri" "Mon" "Tue"
 [989] "Fri" "Wed" "Tue" "Thu" "Mon" "Wed" "Mon" "Thu" "Fri" "Mon" "Wed" "Wed" "Fri" "Fri" "Mon" "Thu" "Fri" "Tue" "Mon"
[1008] "Mon" "Fri" "Fri" "Thu" "Wed" "Wed" "Fri" "Wed" "Wed" "Mon" "Mon" "Mon" "Tue" "Mon" "Fri" "Thu" "Thu" "Tue" "Tue"
[1027] "Thu" "Mon" "Fri" "Tue" "Mon" "Thu" "Fri" "Fri" "Tue" "Thu" "Fri" "Tue" "Mon" "Mon" "Thu" "Mon" "Thu" "Tue" "Fri"
[1046] "Mon" "Fri" "Tue" "Mon" "Tue" "Mon" "Mon" "Wed" "Thu" "Tue" "Mon" "Mon" "Thu" "Mon" "Tue" "Mon" "Thu" "Tue" "Mon"
[1065] "Wed" "Tue" "Thu" "Wed" "Tue" "Fri" "Fri" "Thu" "Mon" "Mon" "Fri" "Mon" "Tue" "Tue" "Fri" "Fri" "Fri" "Wed" "Thu"
[1084] "Wed" "Wed" "Mon" "Fri" "Fri" "Fri" "Wed" "Wed" "Tue" "Wed" "Mon" "Mon" "Wed" "Wed" "Tue" "Mon" "Wed"
[38:24] 79> table(format(d$date, "%a"))

Fri Mon Thu Tue Wed 
306 234 208 175 177 
[38:29] 80> ?png
WARNING: terminal is not fully functional
Press RETURN to continue 
png                 package:grDevices                  R Documentation

BMP, JPEG, PNG and TIFF graphics devices

Description:

     Graphics devices for BMP, JPEG, PNG and TIFF format bitmap files.

Usage:

     bmp(filename = "Rplot%03d.bmp",
         width = 480, height = 480, units = "px", pointsize = 12,
         bg = "white", res = NA, ...,
         type = c("cairo", "Xlib", "quartz"), antialias)
     
     jpeg(filename = "Rplot%03d.jpeg",
          width = 480, height = 480, units = "px", pointsize = 12,
          quality = 75,
:...skipping...
png                 package:grDevices                  R Documentation

BMP, JPEG, PNG and TIFF graphics devices

Description:

     Graphics devices for BMP, JPEG, PNG and TIFF format bitmap files.

Usage:

     bmp(filename = "Rplot%03d.bmp",
         width = 480, height = 480, units = "px", pointsize = 12,
         bg = "white", res = NA, ...,
         type = c("cairo", "Xlib", "quartz"), antialias)
     
     jpeg(filename = "Rplot%03d.jpeg",
          width = 480, height = 480, units = "px", pointsize = 12,
          quality = 75,
          bg = "white", res = NA, ...,
          type = c("cairo", "Xlib", "quartz"), antialias)
     
     png(filename = "Rplot%03d.png",
         width = 480, height = 480, units = "px", pointsize = 12,
         bg = "white",  res = NA, ...,
         type = c("cairo", "cairo-png", "Xlib", "quartz"), antialias)
     
     tiff(filename = "Rplot%03d.tiff",
          width = 480, height = 480, units = "px", pointsize = 12,
          compression = c("none", "rle", "lzw", "jpeg", "zip",
                          "lzw+p", "zip+p",
                          "lerc", "lzma",  "zstd", "webp"),
          bg = "white", res = NA,  ...,
          type = c("cairo", "Xlib", "quartz"), antialias)
     
Arguments:

filename: the output file path.  The page number is substituted if a C
          integer format is included in the character string, as in the
          default.  (Depending on the platform, the result should be
:q
[14:43] 81> 
[14:43] 81> quarts
Error: object 'quarts' not found
No suitable frames for recover()
[14:43] 81> quartz
function (title, width, height, pointsize, family, antialias, 
    type, file = NULL, bg, canvas, dpi) 
{
    if (missing(type) || type %in% c("", "native", "Cocoa")) {
        utils:::check_screen_device()
    }
    new <- list()
    if (!missing(title)) 
        new$title <- title
    if (!missing(width)) 
        new$width <- width
    if (!missing(height)) 
        new$height <- height
    if (!missing(pointsize)) 
        new$pointsize <- pointsize
    if (!missing(family)) 
        new$family <- family
    if (!missing(antialias)) 
        new$antialias <- antialias
    if (!missing(bg)) 
        new$bg <- bg
    if (!missing(canvas)) 
        new$canvas <- canvas
    if (!missing(type)) 
        new$type <- type
    if (!missing(dpi)) 
        new$dpi <- dpi
    if (!checkIntFormat(new$title)) 
        stop("invalid 'title'")
    if (!is.null(file) && !checkIntFormat(file)) 
        stop("invalid 'file'")
    d <- check.options(new, name.opt = ".quartz.Options", envir = .Quartzenv)
    .External(C_Quartz, d$type, file, d$width, d$height, d$pointsize, 
        d$family, d$antialias, d$title, d$bg, d$canvas, if (is.na(d$dpi)) NULL else d$dpi)
    invisible()
}
<bytecode: 0x147592cb0>
<environment: namespace:grDevices>
[15:02] 82> dev.new
*** output flushed ***
[15:08] 83> search()


 [1] ".GlobalEnv"          "package:stats"       "package:graphics"    "package:grDevices"   "package:datasets"   
 [6] "utility functions"   "package:RShellTools" "package:utils"       "package:methods"     "Autoloads"          
[11] "package:base"       
[15:14] 84> [15:14] 84> [15:14] 84> ls(6)
 [1] "%!in%"                   "contains"                "cookie"                  "dsort"                  
 [5] "envInfo"                 "findDir"                 "getFunctions"            "getPackageDir"          
 [9] "hotFix"                  "ls2"                     "mdList"                  "mkTable"                
[13] "mostRecent"              "objectInfo"              "opdf"                    "Open"                   
[17] "orderBy"                 "orNA"                    "PackageDirectoryMapFile" "pkgMap"                 
[21] "ptable"                  "quartz"                  "readxl"                  "showCounts"             
[25] "tryapply"               
[15:19] 85> get("quartz", 6)
function(title, ...)
{
  if(missing(title))
     title = paste("Quartz %d pid = ",  Sys.getpid())

  grDevices::quartz(title, ...)
}
<environment: 0x146b04cc8>
[15:32] 86> png = function(file, width = 1000, height = 1000, ...) grDevices::png(file, width = width, height = height, ...)
[17:27] 87> debug(png
+ )
[17:34] 88> png("lillian.png")
debugging in: png("lillian.png")
debug at #1: grDevices::png(file, width = width, height = height, ...)
Browse[1]> body()
grDevices::png(file, width = width, height = height, ...)
Browse[1]> 
exiting from: png("lillian.png")
[18:16] 90> 